-352.7,276.9, 14.3,-65.3,  0.5, -4.2, -7.2, -0.0,  0.0,  0.0,  0.0,  0.0,  0.0,  0.0,  0.0,  0.0,  0.0,  0.0,  0.0,  0.0,  0.0,  0.0,  0.0,  0.0,  0.0,  0.0,  0.0,  0.0,  0.0,  0.0,  0.0,  0.0,  0.0,  0.0,  0.0,  0.0,  0.0,  0.0,  0.0,  0.0,  0.0,  0.0,  0.0,  0.0,  0.0,309.0,-386.3,  0.0,  0.0,  0.0,  0.0,  0.0,  0.0,  0.0,  0.0,  0.0,  0.0,  0.0,  0.0,  0.0,  0.0,  0.0,  0.0,  0.0,  0.0,  2.0,-99.2, -0.1,-219.6,-12.9,2128.2,  0.0,  0.0,  0.0,  0.0,  0.0,  0.0,  0.0,  0.0,  0.0,  0.0
609.8,-959.2,278.2,153.9,  8.8,  9.8,  6.3, -0.0,  0.0,  0.0,  0.0,  0.0,  0.0,  0.0, -0.0,  0.0,  0.0,  0.0,  0.0,  0.0,  0.0,  0.0,  0.0,  0.0,  0.0,  0.0,  0.0,  0.0,  0.0,  0.0,  0.0,  0.0,  0.0,  0.0,  0.0,  0.0,  0.0,  0.0,  0.0,  0.0,  0.0,  0.0,  0.0,  0.0,  0.0,-606.8,758.4,  0.0,  0.0,  0.0,  0.0,  0.0,  0.0,  0.0,  0.0,  0.0,  0.0,  0.0,  0.0,  0.0,  0.0,  0.0,  0.0,  0.0,  0.0, -2.0,129.6,  0.1,287.0, 12.0,-2780.4,  0.0,  0.0,  0.0,  0.0,  0.0,  0.0,  0.0,  0.0,  0.0,  0.0
-42.8,-370.2,-403.0,209.9, -0.0,  6.9, -2.2, -0.0,  0.0,  0.0,  0.0,  0.0,  0.0, -0.0,  0.0,  0.0,  0.0,  0.0,  0.0,  0.0,  0.0,  0.0,  0.0,  0.0,  0.0,  0.0,  0.0,  0.0,  0.0,  0.0,  0.0,  0.0,  0.0,  0.0,  0.0,  0.0,  0.0,  0.0,  0.0,  0.0,  0.0,  0.0,  0.0,  0.0,  0.0, -0.2,  0.3,  0.0,  0.0,  0.0,  0.0,  0.0,  0.0,  0.0,  0.0,  0.0,  0.0,  0.0,  0.0,  0.0,  0.0,  0.0,  0.0,  0.0,  0.0,  2.9, -0.0,  0.0,  6.5, -8.5,-255.5,  0.0,  0.0,  0.0,  0.0,  0.0,  0.0,  0.0,  0.0,  0.0,  0.0
-237.0,256.5,-262.0,-888.1,  7.9,  2.3, -0.2, -0.0,  0.0,  0.0,  0.0,  0.0,  0.0, -0.0,  0.0, -0.0,  0.0,  0.0,  0.0,  0.0,  0.0,  0.0,  0.0,  0.0,  0.0,  0.0,  0.0,  0.0,  0.0,  0.0,  0.0,  0.0,  0.0,  0.0,  0.0,  0.0,  0.0,  0.0,  0.0,  0.0,  0.0,  0.0,  0.0,  0.0,  0.0, -0.1,  0.1,  0.0,  0.0,  0.0,  0.0,  0.0,  0.0,  0.0,  0.0,  0.0,  0.0,  0.0,  0.0,  0.0,  0.0,  0.0,  0.0,  0.0,  0.0,  0.5,  3.6,  0.2,  7.9,  2.0,-76.1,  0.0,  0.0,  0.0,  0.0,  0.0,  0.0,  0.0,  0.0,  0.0,  0.0
 -1.4,-11.8, -0.0, -6.3,-401.7,203.4, -0.1, -0.0,  0.0,  0.0,  0.0,  0.0,  0.0, -0.0,  0.0, -0.0,  0.0,  0.0,  0.0,  0.0,  0.0,  0.0,  0.0,  0.0,  0.0,  0.0,  0.0,  0.0,  0.0,  0.0,  0.0,  0.0,  0.0,  0.0,  0.0,  0.0,  0.0,  0.0,  0.0,  0.0,  0.0,  0.0,  0.0,  0.0,  0.0, -0.0,  0.0,  0.0,  0.0,  0.0,  0.0,  0.0,  0.0,  0.0,  0.0,  0.0,  0.0,  0.0,  0.0,  0.0,  0.0,  0.0,  0.0,  0.0,  0.0, -0.0, -0.0, -3.1,-255.9,-67.0, -6.6,  0.0,  0.0,  0.0,  0.0,  0.0,  0.0,  0.0,  0.0,  0.0,  0.0
-15.1, 16.3, -8.6,  2.3,-254.7,-924.0, -0.0, -0.0,  0.0,  0.0,  0.0,  0.0,  0.0,  0.0,  0.0,  0.0,  0.0,  0.0,  0.0,  0.0,  0.0,  0.0,  0.0,  0.0,  0.0,  0.0,  0.0,  0.0,  0.0,  0.0,  0.0,  0.0,  0.0,  0.0,  0.0,  0.0,  0.0,  0.0,  0.0,  0.0,  0.0,  0.0,  0.0,  0.0,  0.0, -0.0,  0.0,  0.0,  0.0,  0.0,  0.0,  0.0,  0.0,  0.0,  0.0,  0.0,  0.0,  0.0,  0.0,  0.0,  0.0,  0.0,  0.0,  0.0,  0.0, -0.1,  0.2, -2.8,  0.3,-60.3, -4.9,  0.0,  0.0,  0.0,  0.0,  0.0,  0.0,  0.0,  0.0,  0.0,  0.0
  0.0,  0.0,  0.0,  0.0,  0.0,  0.0,  0.0,  0.0,  0.0,  0.0,  0.0,  0.0,  0.0,  0.0,  0.0,  0.0,  0.0,  0.0,  0.0,  0.0,  0.0,  0.0,  0.0,  0.0,  0.0,  0.0,  0.0,  0.0,  0.0,  0.0,  0.0,  0.0,  0.0,  0.0,  0.0,  0.0,  0.0,  0.0,  0.0,  0.0,  0.0,  0.0,  0.0,  0.0,  0.0,  0.0,  0.0,  0.0,  0.0,  0.0,  0.0,  0.0,  0.0,  0.0,  0.0,  0.0,  0.0,  0.0,  0.0,  0.0,  0.0,  0.0,  0.0,  0.0,  0.0,  0.0,  0.0,  0.0,  0.0,  0.0,  0.0,  0.0,  0.0,  0.0,  0.0,  0.0,  0.0,  0.0,  0.0,  0.0,  0.0
  0.0,  0.0,  0.0,  0.0,  0.0,  0.0,  1.0,  0.0,  0.0,  0.0,  0.0,  0.0,  0.0,  0.0,  0.0,  0.0,  0.0,  0.0,  0.0,  0.0,  0.0,  0.0,  0.0,  0.0,  0.0,  0.0,  0.0,  0.0,  0.0,  0.0,  0.0,  0.0,  0.0,  0.0,  0.0,  0.0,  0.0,  0.0,  0.0,  0.0,  0.0,  0.0,  0.0,  0.0,  0.0,  0.0,  0.0,  0.0,  0.0,  0.0,  0.0,  0.0,  0.0,  0.0,  0.0,  0.0,  0.0,  0.0,  0.0,  0.0,  0.0,  0.0,  0.0,  0.0,  0.0,  0.0,  0.0,  0.0,  0.0,  0.0,  0.0,  0.0,  0.0,  0.0,  0.0,  0.0,  0.0,  0.0,  0.0,  0.0,  0.0
  0.0,  0.0,  0.0,  0.0,  0.0,  0.0,  0.0,  0.0,  0.0,  0.0,  0.0,  0.0,  0.0,  0.0,  0.0,  0.0,  0.0,  0.0,  0.0,  0.0,  0.0,  0.0,  0.0,  0.0,  0.0,  0.0,  0.0,  0.0,  0.0,  0.0,  0.0,  0.0,  0.0,  0.0,  0.0,  0.0,  0.0,  0.0,  0.0,  0.0,  0.0,  0.0,  0.0,  0.0,  0.0,  0.0,  0.0,  0.0,  0.0,  0.0,  0.0,  0.0,  0.0,  0.0,  0.0,  0.0,  0.0,  0.0,  0.0,  0.0,  0.0,  0.0,  0.0,  0.0,  0.0,  0.0,  0.0,  0.0,  0.0,  0.0,  0.0,  0.0,  0.0,  0.0,  0.0,  0.0,  0.0,  0.0,  0.0,  0.0,  0.0
  0.0,  0.0,  0.0,  0.0,  0.0,  0.0,  0.0,  0.0,  1.0,  0.0,  0.0,  0.0,  0.0,  0.0,  0.0,  0.0,  0.0,  0.0,  0.0,  0.0,  0.0,  0.0,  0.0,  0.0,  0.0,  0.0,  0.0,  0.0,  0.0,  0.0,  0.0,  0.0,  0.0,  0.0,  0.0,  0.0,  0.0,  0.0,  0.0,  0.0,  0.0,  0.0,  0.0,  0.0,  0.0,  0.0,  0.0,  0.0,  0.0,  0.0,  0.0,  0.0,  0.0,  0.0,  0.0,  0.0,  0.0,  0.0,  0.0,  0.0,  0.0,  0.0,  0.0,  0.0,  0.0,  0.0,  0.0,  0.0,  0.0,  0.0,  0.0,  0.0,  0.0,  0.0,  0.0,  0.0,  0.0,  0.0,  0.0,  0.0,  0.0
  0.0,  0.0,  0.0,  0.0,  0.0,  0.0,  0.0,  0.0,  0.0,  0.0,  0.0,  0.0,  0.0,  0.3,  0.0,  9.8,  0.0,  0.0,  0.0,  0.0,  0.0,  0.0,  0.0,  0.0,  0.0,  0.0,  0.0,  0.0,  0.0,  0.0,  0.0,  0.0,  0.0,  0.0,  0.0,  0.0,  0.0,  0.0,  0.0,  0.0,  0.0,  0.0,  0.0,  0.0,  0.0,  0.0,  0.0,  0.0,  0.0,  0.0,  0.0,  0.0,  0.0,  0.0,  0.0,  0.0,  0.0,  0.0,  0.0,  0.0,  0.0,  0.0,  0.0,  0.0,  0.0,  1.0,  0.0, -0.0,  0.0,  0.0,  0.0,  0.0,  0.0,  0.0,  0.0,  0.0,  0.0,  0.0,  0.0,  0.0,  0.0
  0.0,  0.0,  0.0,  0.0,  0.0,  0.0,  0.0,  0.0,  0.0,  0.0,  0.0,  0.0,  0.0,  5.3,  0.0,168.0,  0.0,  0.0,  0.0,  0.0,  0.0,  0.0,  0.0,  0.0,  0.0,  0.0,  0.0,  0.0,  0.0,  0.0,  0.0,  0.0,  0.0,  0.0,  0.0,  0.0,  0.0,  0.0,  0.0,  0.0,  0.0,  0.0,  0.0,  0.0,  0.0,  0.0,  0.0,  0.0,  0.0,  0.0,  0.0,  0.0,  0.0,  0.0,  0.0,  0.0,  0.0,  0.0,  0.0,  0.0,  0.0,  0.0,  0.0,  0.0,  0.0,  0.0,  1.0,  0.0,  0.0,  0.0,  0.0,  0.0,  0.0,  0.0,  0.0,  0.0,  0.0,  0.0,  0.0,  0.0,  0.0
  0.0,  0.0,  0.0,  0.0,  0.0,  0.0,  0.0,  0.0,  0.0,  0.0,  0.0,  0.0,  0.0, -9.8,-168.0,  0.0,  0.0,  0.0,  0.0,  0.0,  0.0,  0.0,  0.0,  0.0,  0.0,  0.0,  0.0,  0.0,  0.0,  0.0,  0.0,  0.0,  0.0,  0.0,  0.0,  0.0,  0.0,  0.0,  0.0,  0.0,  0.0,  0.0,  0.0,  0.0,  0.0,  0.0,  0.0,  0.0,  0.0,  0.0,  0.0,  0.0,  0.0,  0.0,  0.0,  0.0,  0.0,  0.0,  0.0,  0.0,  0.0,  0.0,  0.0,  0.0,  0.0,  0.0,  0.0,  1.0,  0.0,  0.0,  0.0,  0.0,  0.0,  0.0,  0.0,  0.0,  0.0,  0.0,  0.0,  0.0,  0.0
  0.0,  0.0,  0.0,  0.0,  0.0,  0.0,  0.0,  0.0,  0.0,  0.0,  0.0,  0.0,  0.0,  0.0,  0.0,  0.0,  0.0,  0.0,  0.0,  0.0,  0.0,  0.0,  0.0,  0.0,  0.0,  0.0,  0.0,  0.0,  0.0,  0.0,  0.0,  0.0,  0.0,  0.0,  0.0,  0.0,  0.0,  0.0,  0.0,  0.0,  0.0,  0.0,  0.0,  0.0,  0.0,  0.0,  0.0,  0.0,  0.0,  0.0,  0.0,  0.0,  0.0,  0.0,  0.0,  0.0,  0.0,  0.0,  0.0,  0.0,  0.0,  0.0,  0.0,  0.0,  0.0,  0.0,  0.0,  0.0,  1.0,  0.0, -0.0,  0.0,  0.0,  0.0,  0.0,  0.0,  0.0,  0.0,  0.0,  0.0,  0.0
  0.0,  0.0,  0.0,  0.0,  0.0,  0.0,  0.0,  0.0,  0.0,  0.0,  0.0,  0.0,  0.0,  0.0,  0.0,  0.0,  0.0,  0.0,  0.0,  0.0,  0.0,  0.0,  0.0,  0.0,  0.0,  0.0,  0.0,  0.0,  0.0,  0.0,  0.0,  0.0,  0.0,  0.0,  0.0,  0.0,  0.0,  0.0,  0.0,  0.0,  0.0,  0.0,  0.0,  0.0,  0.0,  0.0,  0.0,  0.0,  0.0,  0.0,  0.0,  0.0,  0.0,  0.0,  0.0,  0.0,  0.0,  0.0,  0.0,  0.0,  0.0,  0.0,  0.0,  0.0,  0.0,  0.0,  0.0,  0.0,  0.0,  1.0,  0.0,  0.0,  0.0,  0.0,  0.0,  0.0,  0.0,  0.0,  0.0,  0.0,  0.0
  0.0,  0.0,  0.0,  0.0,  0.0,  0.0,  0.0,  0.0,  0.0,  0.0,  0.0,  0.0,  0.0,  0.0,  0.0,  0.0,  0.0,  0.0,  0.0,  0.0,  0.0,  0.0,  0.0,  0.0,  0.0,  0.0,  0.0,  0.0,  0.0,  0.0,  0.0,  0.0,  0.0,  0.0,  0.0,  0.0,  0.0,  0.0,  0.0,  0.0,  0.0,  0.0,  0.0,  0.0,  0.0,  0.0,  0.0,  0.0,  0.0,  0.0,  0.0,  0.0,  0.0,  0.0,  0.0,  0.0,  0.0,  0.0,  0.0,  0.0,  0.0,  0.0,  0.0,  0.0,  0.0,  0.0,  0.0,  0.0,  0.0,  0.0,  1.0,  0.0,  0.0,  0.0,  0.0,  0.0,  0.0,  0.0,  0.0,  0.0,  0.0
  0.0,  0.0,  0.0,  0.0,  0.0,  0.0,  0.0,  0.0,  0.0,  0.0,  0.0,  0.0,  0.0,  0.0,  0.0,  0.0,  0.0,  0.0,  0.0,  0.0,  0.0,  0.0,  0.0,  0.0,  0.0,  0.0,  0.0,  0.0,  0.0,  0.0,  0.0,  0.0,  0.0,  0.0,  0.0,  0.0,  0.0,  0.0,  0.0,  0.0,  0.0,  0.0,  0.0,  0.0,  0.0,  0.0,  0.0,  0.0,  0.0,  0.0,  0.0,  0.0,  0.0,  0.0,  0.0,  0.0,  0.0,  0.0,  0.0,  0.0,  0.0,  0.0,  0.0,  0.0,  0.0,  0.0,  0.0, -0.0,  0.0,  0.0,  0.0,  0.0,  0.0,  0.0,  0.0,  0.0,  0.0,  0.0,  0.0,  0.0,  0.0
  0.0,  0.0,  0.0,  0.0,  0.0,  0.0,  0.0,  0.0,  0.0,  0.0,  0.0,  0.0,  0.0,  0.0,  0.0,  0.0, -0.0,  0.0,  0.0,  0.0,  0.0,  0.0,  0.0,  0.0,  0.0,  0.0,  0.0,  0.0,  0.0,  0.0,  0.0,  0.0,  0.0,  0.0,  0.0,  0.0,  0.0,  0.0,  0.0,  0.0,  0.0,  0.0,  0.0,  0.0,  0.0,  0.0,  0.0,  0.0,  0.0,  0.0,  0.0,  0.0,  0.0,  0.0,  0.0,  0.0,  0.0,  0.0,  0.0,  0.0,  0.0,  0.0,  0.0,  0.0,  0.0,  0.0,  0.0,  0.0,  0.0,  0.0,  0.0,  0.0,  0.0,  0.0,  0.0,  0.0,  0.0,  0.0,  0.0,  0.0,  0.0
  0.0,  0.0,  0.0,  0.0,  0.0,  0.0,  0.0,  0.0,  0.0,  0.0,  0.0,  0.0,  0.0,  9.8,168.0,  0.0,  0.0,  0.0,  0.0,  0.0,  0.0,  0.0,  0.0,  0.0,  0.0,  0.0,  0.0,  0.0,  0.0,  0.0,  0.0,  0.0,  0.0,  0.0,  0.0,  0.0,  0.0,  0.0,  0.0,  0.0,  0.0,  0.0,  0.0,  0.0,  0.0,  0.0,  0.0,  0.0,  0.0,  0.0,  0.0,  0.0,  0.0,  0.0,  0.0,  0.0,  0.0,  0.0,  0.0,  0.0,  0.0,  0.0,  0.0,  0.0,  0.0, -0.0,  0.0, -1.0,  0.0,  0.0,  0.0,  0.0,  0.0,  0.0,  0.0,  0.0,  0.0,  0.0,  0.0,  0.0,  0.0
  0.0,  0.0,  0.0,  0.0,  0.0,  0.0,  0.0,  0.0, -6.6,  0.2,  0.0,  0.0,  0.0,  0.0, -0.0, -0.0,  0.0,  0.0,  0.0,-12.6,  5.9, -2.4,-12.4, 11.8,-11.7, -0.2,  0.3, -0.6,  0.6,  0.1,  0.3, -0.7, -0.9,  0.3,  0.0, -0.0,  0.1, -0.1, -0.0, -0.1,  0.0,  1.1, -6.9,  4.3, -2.0,  0.0,  0.0,  0.0, -0.4,  0.0,  0.0,  0.0,  0.0,  0.0,  0.0, -6.1,-19.2, -5.1,  0.7, -1.2,-17.0, 55.0, 17.1, -1.6, 23.0,  0.6,  0.0, -3.5,  9.9, -4.1, -6.0, 35.6,  0.4,  8.5, -1.0,  0.1,  6.3,  0.5,  0.3,  0.2, -0.0
  0.0,  0.0,  0.0,  0.0,  0.0,  0.0,  0.0,  0.0,  6.7, -0.6, -0.0,  0.0, -0.0,  0.0,  0.0,  0.0,  0.0,  0.0,  0.0, 13.6,-27.3, 10.6, -4.2,-28.9, 28.1,  0.3, -0.1,  1.0, -1.2, -0.2, -0.6,  1.9, -1.7, -2.6, -0.1,  0.0, -0.3,  0.2,  0.0,  0.2,  0.0, -1.6, 10.2, -4.4,  2.1,  0.0,  0.0,  0.0,  0.4,  0.0,  0.0,  0.0,  0.0,  0.0,  0.0, -8.4,129.2, 11.8,  8.2, 61.5,-13.0,-99.2,-34.8, 13.8,  0.9, -0.7,  0.3,  3.1,-10.0,  3.5,  6.0,-59.3,  0.1,-10.6,  1.0, -0.0, -6.8, -0.4,  1.3, -0.1, -0.1
  0.0,  0.0,  0.0,  0.0,  0.0,  0.0,  0.0,  0.0,  2.3,  0.4,  0.0,  0.0,  0.0, -0.0,  0.0,  0.0,  0.0,  0.0,  0.0, -7.6, 16.6,-35.0,  4.5, -4.8,-46.9, -0.5,  0.2, -1.1,  1.3,  0.2,  0.7, -0.7,  2.7, -1.5,  0.1, -0.1,  0.3, -0.3, -0.1, -0.2,  0.0,  0.4, -2.2,  1.2, -0.6,  0.0,  0.0,  0.0,  0.0,  0.0,  0.0,  0.0,  0.0,  0.0,  0.0,-15.6,-149.4,-55.1,  1.0,-56.1, 55.9, 24.5,  4.5,-18.8, -5.6, -0.2,  0.5,  0.0,  5.2,  2.1,  2.4, 11.7, -1.2,  2.8, -1.2, -0.0, -2.1, -0.2, -0.7, -0.3,  0.5
  0.0,  0.0,  0.0,  0.0,  0.0,  0.0,  0.0,  0.0, -1.7, -0.1,  0.0,  0.0, -0.0,  0.0, -0.0, -0.0,  0.0,  0.0,  0.0, 35.1,  5.5, -3.5,-42.0, 31.8,-27.7, -3.9,  2.0, -7.9,  7.9,  0.4,  1.1,  0.7, -0.7,  0.8, -2.2, -0.2,  0.8, -0.8, -0.0, -0.2,  0.0,  0.1, -0.5, -3.6,  1.7,  0.0,  0.0,  0.0, -6.0,  0.0,  0.0,  0.0,  0.0,  0.0,  0.0,818.4,131.2,2489.9,-703.7, 15.9,206.8,-20.9,325.9,103.1, 45.2,  0.1,  0.9, -0.9,  3.9,-67.2, -1.8,  1.2, 61.9, -0.1,  0.6, 14.2,  1.6, 10.8, -0.1,  0.7, -0.2
  0.0,  0.0,  0.0,  0.0,  0.0,  0.0,  0.0,  0.0, -0.0,  0.1,  0.0,  0.0,  0.0, -0.0,  0.0, -0.0,  0.0,  0.0,  0.0,-63.9, 71.8,  7.1, 59.5,-79.5, 59.9,-38.5, -4.0, 14.9,-14.3, -0.7, -2.1, -1.4,  1.4, -1.5,  4.1, -4.1, -1.5,  1.4, -0.0,  0.3,  0.0,  0.1, -0.3,  2.5, -1.2,  0.0,  0.0,  0.0,  3.2,  0.0,  0.0,  0.0,  0.0,  0.0,  0.0,-128.1,-282.1,-1417.9,279.4, 87.8,-80.4,-34.5,-58.8,-100.8,-23.6,  0.3,  0.8,  1.4,  3.6, 37.4, -0.3,  1.9,-37.8,  0.5,  1.1, -4.5,  0.1, -1.2, -0.2,  0.1,  2.0
  0.0,  0.0,  0.0,  0.0,  0.0,  0.0,  0.0,  0.0,  0.3, -0.1,  0.0,  0.0, -0.0,  0.0, -0.0,  0.0,  0.0,  0.0,  0.0, 92.9,-104.6,109.5,-75.8, 87.3,-114.2, 55.8,-57.1,-22.1, 21.3,  1.1,  3.2,  2.1, -2.2,  2.2, -3.8,  5.2,  2.2, -2.1, -0.1, -0.5,  0.0, -0.0,  0.3,  0.3, -0.1,  0.0,  0.0,  0.0,  0.1,  0.0,  0.0,  0.0,  0.0,  0.0,  0.0, 59.8,173.1,-64.6,-196.5,-113.1,  1.2, 29.3,-30.5,-12.4,-17.9, -0.1,  0.3, -1.3,  1.0,  3.1,  0.2, -2.4, -3.2,  0.2, -1.4,  2.6, -0.3, -2.0,  0.5, -0.3,  0.5
  0.0,  0.0,  0.0,  0.0,  0.0,  0.0,  0.0,  0.0, -0.8, -0.0,  0.0,  0.0, -0.0,  0.0,  0.0, -0.0,  0.0,  0.0,  0.0, -0.4,  0.6, -0.5,  4.7, 25.5,-25.2,-26.8,  8.7,-28.8, 25.9, -0.2, -1.6,  3.5,  0.0, -1.1, -0.0,  0.0, -1.6, -1.4,  0.1,  0.4,  0.0, -0.3,  1.7, -9.1,  4.3,  0.0,  0.0,  0.0,  0.5,  0.0,  0.0,  0.0,  0.0,  0.0,  0.0, 22.0,1183.5, 51.5, 63.2,6410.6,  7.5,136.9, 26.9,  0.0,723.1,  0.1,  0.4,  0.5,-17.9, -0.8, -2.5, -4.0,  0.5,-18.6, 83.0, -0.9,  0.6,  0.9, -0.3, 13.1, -0.4
  0.0,  0.0,  0.0,  0.0,  0.0,  0.0,  0.0,  0.0, -0.9,  0.1,  0.0,  0.0, -0.0, -0.0,  0.0,  0.0,  0.0,  0.0,  0.0,  2.1, -0.3,  0.3, -4.9,  4.6, 45.1, 15.2,-36.1, -6.4,-46.5,  0.3,  1.9, -0.5,  5.4,  0.8,  0.1, -0.1,  2.2, -2.0, -0.1, -0.5,  0.0, -0.1,  0.4, -1.0,  0.5,  0.0,  0.0,  0.0, -0.2,  0.0,  0.0,  0.0,  0.0,  0.0,  0.0, 40.2, 34.4, 77.0,-49.2,-1054.3, 22.7, 36.9, 28.9,-81.7,146.2,  0.4,  0.8,  0.4,  3.7, -3.8, -1.0,  0.7,  1.9,  0.6,-13.7,  0.6,  0.8,  0.5, -1.9,  3.4,  0.3
  0.0,  0.0,  0.0,  0.0,  0.0,  0.0,  0.0,  0.0, -0.2,  0.0,  0.0,  0.0, -0.0, -0.0,  0.0, -0.0,  0.0,  0.0,  0.0,  3.1, -2.1,  1.5,-11.5, 11.6,-11.8, 33.4,  4.0,-69.8, 45.7, -5.6,-16.6, -2.0,  2.1, -2.1,  5.9, -1.0,  0.2, -0.2, -3.7,  1.8,  0.0, -0.0,  0.1,  0.2, -0.1,  0.0,  0.0,  0.0,  0.5,  0.0,  0.0,  0.0,  0.0,  0.0,  0.0,-28.1,-45.2,-226.0,2212.8, 72.1, -6.7, 21.9,-38.4,155.4, 90.4,  0.1,  0.6,  0.4,  2.7,  2.1, -0.1, -0.2, -2.3, -0.2,  0.5,-21.2, -0.0,  0.4, -0.3,  1.1,  0.2
  0.0,  0.0,  0.0,  0.0,  0.0,  0.0,  0.0,  0.0, -0.2,  0.0,  0.0,  0.0,  0.0, -0.0, -0.0, -0.0,  0.0,  0.0,  0.0, -5.0,  3.9, -2.8, 19.4,-18.7, 19.2,-51.6, 52.3, 77.0,-101.9,-60.0, 26.9,  3.4, -3.5,  3.6, -3.3,  8.4, -0.4,  0.5,  5.1, -2.9,  0.0,  0.0, -0.1, -0.1,  0.0,  0.0,  0.0,  0.0,  0.2,  0.0,  0.0,  0.0,  0.0,  0.0,  0.0,-14.0, 79.4,-83.9,615.8,178.4,  1.8,  7.0,-13.2,108.3, 54.6, -0.0,  0.2, -0.3,  0.5,  0.2, -0.3,  0.6,  0.0, -0.2,  2.0, -4.8,  0.2,  0.5,  0.7,  0.7, -1.9
  0.0,  0.0,  0.0,  0.0,  0.0,  0.0,  0.0,  0.0, -0.2,  0.1,  0.0,  0.0,  0.0,  0.0,  0.0, -0.0,  0.0,  0.0,  0.0,  0.4, -0.4,  0.3, -0.6,  0.6, -0.6, -0.2,  0.2,  6.3, 39.5,-36.6,-46.9, -0.3,  0.3, -0.3,  0.0,  0.0,  4.9,  1.2, -0.0, -1.9,  0.0,  0.0, -0.0,  0.2, -0.1,  0.0,  0.0,  0.0, -0.0,  0.0,  0.0,  0.0,  0.0,  0.0,  0.0,  0.3,-27.4,-10.4, 26.5,-342.7, 12.8, -5.7, 11.6, 21.1,-25.4,  0.0,  0.3, -0.0,  1.9,  0.0, -0.2,  0.1, -0.1,  0.4, -2.6, -0.2,  0.2, -0.0,  0.4,  0.3, -0.1
  0.0,  0.0,  0.0,  0.0,  0.0,  0.0,  0.0,  0.0, -0.1,  0.1, -0.0,  0.0,  0.0, -0.0, -0.0, -0.0,  0.0,  0.0,  0.0, -1.8,  1.5, -1.1,  1.9, -2.0,  2.1,  2.4, -1.7,-20.6, 19.7, 51.6,-100.1,  1.0, -1.1,  1.3,  0.2, -0.1, -2.7,  2.7,  8.1,  0.2,  0.0,  0.0, -0.0, -0.0,  0.0,  0.0,  0.0,  0.0, -0.0,  0.0,  0.0,  0.0,  0.0,  0.0,  0.0,  1.1, 23.0,  3.4,-45.7,-16.5,  6.8,  1.3, 14.1,-18.4, 12.6, -0.0,  0.0, -0.1,  0.1,  0.1, -0.1,  0.2,  0.1, -0.0, -0.2,  0.4,  0.1,  0.1,  0.4, -0.0,  0.5
  0.0,  0.0,  0.0,  0.0,  0.0,  0.0,  0.0,  0.0,  1.4,  0.0,  0.0,  0.0,  0.0, -0.0, -0.0, -0.0,  0.0,  0.0,  0.0, -6.6,  1.9, -0.2,  0.7, -0.7,  0.8,  2.1,  0.2, -1.4,  1.4,  0.1,  0.6,-30.7, 19.5,-15.1, -5.2,  2.9,-10.3, 10.4,  0.7,  2.1,  0.0,  1.4, -8.7, 20.5, -9.8,  0.0,  0.0,  0.0, -1.4,  0.0,  0.0,  0.0,  0.0,  0.0,  0.0,-58.6,-2396.3,  3.8,-17.1,-689.4, -7.4,-262.9,-19.6,-70.6, 89.2, -0.7, -0.2, -2.6, 68.5,  2.1,  5.8, 28.9,  0.5, 65.0,-14.4,  0.7,  0.2,  0.0, 10.2, -0.4,  0.8
  0.0,  0.0,  0.0,  0.0,  0.0,  0.0,  0.0,  0.0, -5.1, -0.1,  0.0,  0.0,  0.0,  0.0, -0.0,  0.0,  0.0,  0.0,  0.0,  0.7,-12.7,  3.5, -1.4,  1.4, -1.5, -3.8,  3.7,  2.6, -2.6, -0.2, -1.2, 36.5,-56.4, 34.4,-35.7, -5.9, 19.7,-19.5, -1.5, -4.4,  0.0, -0.3,  1.9, -9.7,  4.6,  0.0,  0.0,  0.0,  0.7,  0.0,  0.0,  0.0,  0.0,  0.0,  0.0, -5.9,1702.1,-57.8,-38.0,390.4,-36.8, 78.1,-54.5, 43.0,-100.4,  0.2,  0.7, -1.8,-36.0, -1.5, -7.6,-10.5, -0.4,-39.0,  5.8,  0.5,  3.6, -0.3, -1.7, -1.7, -0.0
  0.0,  0.0,  0.0,  0.0,  0.0,  0.0,  0.0,  0.0, -0.8,  0.1,  0.0,  0.0, -0.0,  0.0, -0.0,  0.0,  0.0,  0.0,  0.0, -9.3,  2.7,-16.3,  2.1, -2.2,  2.2,  3.0, -4.9, -4.0,  4.0,  0.5,  1.9,-41.2, 50.2,-77.5, 51.5,-53.9,-29.8, 29.6,  2.4,  7.0,  0.0,  0.3, -1.7,  1.5, -0.7,  0.0,  0.0,  0.0, -0.0,  0.0,  0.0,  0.0,  0.0,  0.0,  0.0,-30.4,174.2,-53.8,112.0,-105.6, -3.2, 59.1, 50.3,  8.0, 11.6,  0.0,  0.0, -2.2,  0.5, -0.8, -0.8,  4.6, -0.2, -0.5, -2.1, -1.3,  0.4,  0.4, -1.7,  0.0, -0.1
  0.0,  0.0,  0.0,  0.0,  0.0,  0.0,  0.0,  0.0,  0.4, -0.1,  0.0,  0.0, -0.0,  0.0, -0.0,  0.0,  0.0,  0.0,  0.0, -0.6, -0.1,  0.1, -3.2, -0.5,  1.5, -0.0,  0.0,  1.4,  1.6,  0.0, -0.2,  6.3, 23.7,-23.3,-27.2,  9.0,-29.4, 26.6, -0.0, -1.2,  0.0,  0.0, -0.2, -1.4,  0.7,  0.0,  0.0,  0.0, -2.9,  0.0,  0.0,  0.0,  0.0,  0.0,  0.0,241.3, 12.2,1219.5,-6405.8, 59.9, 56.1,-55.8,134.0,-737.1,-26.0, -0.1,  0.3, -0.5,  1.7,-19.1,  0.1,  0.4, 18.2,  0.6,  0.9, 82.9, -0.0, -0.5,  1.0, -0.1, 13.0
  0.0,  0.0,  0.0,  0.0,  0.0,  0.0,  0.0,  0.0,  0.9,  0.1,  0.0,  0.0, -0.0,  0.0, -0.0,  0.0,  0.0,  0.0,  0.0, -1.4,  0.1, -0.1, -0.0, -5.0, -1.4,  0.1, -0.1, -2.0,  1.7,  0.0,  0.2, -6.8,  6.8, 42.7, 15.7,-36.5, -5.6,-47.4,  0.1,  1.3,  0.0,  0.0, -0.2,  0.3, -0.1,  0.0,  0.0,  0.0, -0.4,  0.0,  0.0,  0.0,  0.0,  0.0,  0.0,121.3, 50.4,121.9,1053.4,-50.2, 33.0,-21.9, 34.7,-145.4,-66.0, -0.2,  0.4, -0.7,  3.1, -0.4,  0.9,  0.3,  0.5,  1.3, -0.5,-13.5, -0.9,  2.0,  0.3,  0.1,  3.5
  0.0,  0.0,  0.0,  0.0,  0.0,  0.0,  0.0,  0.0,  1.0, -0.3, -0.0,  0.0, -0.0,  0.0, -0.0,  0.0,  0.0,  0.0,  0.0, -1.4,  0.2, -0.2,  1.2, -1.2,  1.2, -5.7,  0.8,  0.2, -0.2,  3.6, -2.2,-15.0, 15.4,-15.9, 34.2,  3.4,-68.6, 44.3, -5.9,-17.4,  0.0, -0.0,  0.2, -1.6,  0.8,  0.0,  0.0,  0.0,  0.1,  0.0,  0.0,  0.0,  0.0,  0.0,  0.0,  1.7,320.1,  8.5,-63.1,2215.6,-29.4, 17.6,  4.9,-94.1,143.5, -0.2,  0.3, -0.6, -1.3,  0.6,  0.7, -0.5,  0.2, -2.4, 21.3,  0.4, -0.9, -0.3,  0.2, -0.4,  1.0
  0.0,  0.0,  0.0,  0.0,  0.0,  0.0,  0.0,  0.0,  0.4,  0.0, -0.0,  0.0,  0.0, -0.0,  0.0,  0.0,  0.0,  0.0,  0.0,  0.5, -0.7,  0.4, -2.0,  1.8, -1.8,  2.9, -8.1, -0.4,  0.5, -4.9,  3.7, 25.6,-25.5, 26.6,-53.0, 53.4, 74.8,-99.3,-59.5, 28.4,  0.0,  0.0, -0.1, -0.5,  0.3,  0.0,  0.0,  0.0, -0.0,  0.0,  0.0,  0.0,  0.0,  0.0,  0.0,  5.3,101.1, 34.3,-180.0,631.9,  1.6, 11.9, 13.5,-60.6,105.7, -0.1, -0.1, -0.2, -0.6,  0.3,  0.4,  0.9,  0.3,  0.1,  5.0,  2.1, -0.3, -0.4,  0.5,  1.9,  0.8
  0.0,  0.0,  0.0,  0.0,  0.0,  0.0,  0.0,  0.0,  0.7, -0.1,  0.0,  0.0, -0.0,  0.0, -0.0, -0.0,  0.0,  0.0,  0.0, -0.6,  0.1, -0.1,  0.1, -0.1,  0.1,  0.1, -0.1, -4.8, -1.4, -0.0,  1.7, -1.1,  1.2, -1.4, -0.1,  0.1,  6.6, 39.2,-36.7,-47.1,  0.0, -0.0,  0.0, -0.0,  0.0,  0.0,  0.0,  0.0,  0.1,  0.0,  0.0,  0.0,  0.0,  0.0,  0.0, -4.8, 56.5,-29.1,341.9, 20.5,-22.8,-16.8,-13.1, 24.0, 20.4, -0.1, -0.0, -0.3, -0.5,  0.9,  0.8, -0.0, -0.3, -0.2,  0.2, -2.6, -0.7, -0.6, -0.1,  0.1,  0.3
  0.0,  0.0,  0.0,  0.0,  0.0,  0.0,  0.0,  0.0,  0.2,  0.0,  0.0,  0.0, -0.0, -0.0, -0.0,  0.0,  0.0,  0.0,  0.0,  0.5, -0.4,  0.3, -0.3,  0.3, -0.3, -0.4,  0.3,  2.3, -2.2, -8.0,  0.2,  3.8, -4.2,  4.6,  1.8, -1.2,-21.5, 20.8, 51.9,-99.3,  0.0,  0.0, -0.0,  0.0, -0.0,  0.0,  0.0,  0.0,  0.0,  0.0,  0.0,  0.0,  0.0,  0.0,  0.0, -0.9,-10.8,  0.1, 12.9,-50.0, -6.6,-14.5, -0.0,-13.4,-17.9, -0.0, -0.1,  0.0, -0.4,  0.3,  0.2,  0.0, -0.1,  0.1, -0.4, -0.2, -0.2, -0.4,  0.1, -0.5, -0.0
  0.0,  0.0,  0.0,  0.0,  0.0,  0.0,  0.0,  0.0,  0.0, -0.0,  0.0,  0.0,  0.0, -0.0,  0.0,  0.0,  0.0,  0.0,  0.0,  4.2,  0.0,  0.0,  0.0,  0.0,  0.0,  0.0,  0.0,  0.0,  0.0,  0.0,  0.0,  0.0,  0.0,  0.0,  0.0,  0.0,  0.0,  0.0,  0.0,  0.0,-1000.0,  0.0, -0.0,  0.0, -0.0,  0.0,  0.0,  0.0,  0.0,  0.0,  0.0,  0.0,  0.0,  0.0,  0.0, -0.5,-385.6, 23.6,  0.3,  0.4,  1.3, -1.4,-17.1, -0.2,  5.0,  0.2, -0.0,  2.4, -0.1, -0.3,  0.0,  0.0,  0.0,  0.0,  0.0,  0.0,  0.0,  0.0,  0.0,  0.0,  0.0
  0.0,  0.0,  0.0,  0.0,  0.0,  0.0,  0.0,  0.0,  0.0,  0.0,  0.0,  0.0,  0.0,  0.0,  0.0,  0.0,  0.0,  0.0,  0.0,  0.0,  0.0,  0.0,  0.0,  0.0,  0.0,  0.0,  0.0,  0.0,  0.0,  0.0,  0.0,  0.0,  0.0,  0.0,  0.0,  0.0,  0.0,  0.0,  0.0,  0.0,  0.0, -0.2,  0.0,  0.0,  0.0,  0.0,  0.0,  0.0,  0.0,  0.0,  0.0,  0.0,  0.0,  0.0,  0.0,  0.0,  0.0,  0.0,  0.0,  0.0,  0.0,  0.0,  0.0,  0.0,  0.0,  0.0,  0.0,  0.0,  0.0,  0.0,  0.0,  0.0,  0.0,  0.0,  0.0,  0.0,  0.0,  0.0,  0.0,  0.0,  0.0
  0.0,  0.0,  0.0,  0.0,  0.0,  0.0,  0.0,  0.0,  0.0,  0.0,  0.0,  0.0,  0.0,  0.0,  0.0,  0.0,  0.0,  0.0,  0.0,  0.0,  0.0,  0.0,  0.0,  0.0,  0.0,  0.0,  0.0,  0.0,  0.0,  0.0,  0.0,  0.0,  0.0,  0.0,  0.0,  0.0,  0.0,  0.0,  0.0,  0.0,  0.0,  0.0,  0.0,  0.0,  0.0,  0.0,  0.0,  0.0,  0.0,  0.0,  0.0,  0.0,  0.0,  0.0,  0.0,  0.0,  0.0,  0.0,  0.0,  0.0,  0.0,  0.0,  0.0,  0.0,  0.0,  0.0,  0.0,  0.0,  0.0,  0.0,  0.0,  0.0,  0.0,  0.0,  0.0,  0.0,  0.0,  0.0,  0.0,  0.0,  0.0
  0.0,  0.0,  0.0,  0.0,  0.0,  0.0,  0.0,  0.0,  0.0,  0.0,  0.0,  0.0,  0.0,  0.0,  0.0,  0.0,  0.0,  0.0,  0.0,  0.0,  0.0,  0.0,  0.0,  0.0,  0.0,  0.0,  0.0,  0.0,  0.0,  0.0,  0.0,  0.0,  0.0,  0.0,  0.0,  0.0,  0.0,  0.0,  0.0,  0.0,  0.0,  0.0,  0.0, -2.1,  0.0,  0.0,  0.0,  0.0,  0.0,  0.0,  0.0,  0.0,  0.0,  0.0,  0.0,  0.0,  0.0,  0.0,  0.0,  0.0,  0.0,  0.0,  0.0,  0.0,  0.0,  0.0,  0.0,  0.0,  0.0,  0.0,  0.0,  0.0,  0.0,  0.0,  0.0,  0.0,  0.0,  0.0,  0.0,  0.0,  0.0
  0.0,  0.0,  0.0,  0.0,  0.0,  0.0,  0.0,  0.0,  0.0,  0.0,  0.0,  0.0,  0.0,  0.0,  0.0,  0.0,  0.0,  0.0,  0.0,  0.0,  0.0,  0.0,  0.0,  0.0,  0.0,  0.0,  0.0,  0.0,  0.0,  0.0,  0.0,  0.0,  0.0,  0.0,  0.0,  0.0,  0.0,  0.0,  0.0,  0.0,  0.0,  0.0,  0.0,  0.0,  0.0,  0.0,  0.0,  0.0,  0.0,  0.0,  0.0,  0.0,  0.0,  0.0,  0.0,  0.0,  0.0,  0.0,  0.0,  0.0,  0.0,  0.0,  0.0,  0.0,  0.0,  0.0,  0.0,  0.0,  0.0,  0.0,  0.0,  0.0,  0.0,  0.0,  0.0,  0.0,  0.0,  0.0,  0.0,  0.0,  0.0
  0.0,  0.0,  0.0,  0.0,  0.0,  0.0,  0.0,  0.0,  0.0,  0.0,  0.0,  0.0,  0.0,  0.0,  0.0,  0.0,  0.0,  0.0,  0.0,  0.0,  0.0,  0.0,  0.0,  0.0,  0.0,  0.0,  0.0,  0.0,  0.0,  0.0,  0.0,  0.0,  0.0,  0.0,  0.0,  0.0,  0.0,  0.0,  0.0,  0.0,  0.0,  0.0,  0.0,  0.0,  0.0, -0.8,  0.0,  0.0,  0.0,  0.0,  0.0,  0.0,  0.0,  0.0,  0.0,  0.0,  0.0,  0.0,  0.0,  0.0,  0.0,  0.0,  0.0,  0.0,  0.0,  0.0,  0.0,  0.0,  0.0,  0.0,  0.0,  0.0,  0.0,  0.0,  0.0,  0.0,  0.0,  0.0,  0.0,  0.0,  0.0
  0.0,  0.0,  0.0,  0.0,  0.0,  0.0,  0.0,  0.0,  0.0,  0.0,  0.0,  0.0,  0.0,  0.0,  0.0,  0.0,  0.0,  0.0,  0.0,  0.0,  0.0,  0.0,  0.0,  0.0,  0.0,  0.0,  0.0,  0.0,  0.0,  0.0,  0.0,  0.0,  0.0,  0.0,  0.0,  0.0,  0.0,  0.0,  0.0,  0.0,  0.0,  0.0,  0.0,  0.0,  0.0,  0.0,  0.0,  0.0,  0.0,  0.0,  0.0,  0.0,  0.0,  0.0,  0.0,  0.0,  0.0,  0.0,  0.0,  0.0,  0.0,  0.0,  0.0,  0.0,  0.0,  0.0,  0.0,  0.0,  0.0,  0.0,  0.0,  0.0,  0.0,  0.0,  0.0,  0.0,  0.0,  0.0,  0.0,  0.0,  0.0
  0.0,  0.0,  0.0,  0.0,  0.0,  0.0,  0.0,  0.0,  0.0,  0.0,  0.0,  0.0,  0.0,  0.0,  0.0,  0.0,  0.0,  0.0,  0.0,  0.0,  0.0,  0.0,  0.0,  0.0,  0.0,  0.0,  0.0,  0.0,  0.0,  0.0,  0.0,  0.0,  0.0,  0.0,  0.0,  0.0,  0.0,  0.0,  0.0,  0.0,  0.0,  0.0,  0.0,  0.0,  0.0,  0.0,  0.0,  0.0,  0.0,  0.0,  0.0,  0.0,  0.0,  0.0,  0.0,  0.0,  0.0,  0.0,  0.0,  0.0,  0.0,  0.0,  0.0,  0.0,  0.0,  0.0,  0.0,  0.0,  0.0,  0.0,  0.0,  0.0,  0.0,  0.0,  0.0,  0.0,  0.0,  0.0,  0.0,  0.0,  0.0
  0.0,  0.0,  0.0,  0.0,  0.0,  0.0,  0.0,  0.0,  0.0,  0.0,  0.0,  0.0,  0.0,  0.0,  0.0,  0.0,  0.0,  0.0,  0.0,  0.0,  0.0,  0.0,  0.0,  0.0,  0.0,  0.0,  0.0,  0.0,  0.0,  0.0,  0.0,  0.0,  0.0,  0.0,  0.0,  0.0,  0.0,  0.0,  0.0,  0.0,  0.0,  0.0,  0.0,  0.0,  0.0,  0.0,  0.0,  0.0,  0.0,  0.0,  0.0,  0.0,  0.0,  0.0,  0.0,  0.0,  0.0,  0.0,  0.0,  0.0,  0.0,  0.0,  0.0,  0.0,  0.0,  0.0,  0.0,  0.0,  0.0,  0.0,  0.0,  0.0,  0.0,  0.0,  0.0,  0.0,  0.0,  0.0,  0.0,  0.0,  0.0
  0.0,  0.0,  0.0,  0.0,  0.0,  0.0,  0.0,  0.0,  0.0,  0.0,  0.0,  0.0,  0.0,  0.0,  0.0,  0.0,  0.0,  0.0,  0.0,  0.0,  0.0,  0.0,  0.0,  0.0,  0.0,  0.0,  0.0,  0.0,  0.0,  0.0,  0.0,  0.0,  0.0,  0.0,  0.0,  0.0,  0.0,  0.0,  0.0,  0.0,  0.0,  0.0,  0.0,  0.0,  0.0,  0.0,  0.0,  0.0,  0.0,  0.0,  0.0,  0.0,  0.0,  0.0,  0.0,  0.0,  0.0,  0.0,  0.0,  0.0,  0.0,  0.0,  0.0,  0.0,  0.0,  1.0,  0.0,  0.0,  0.0,  0.0,  0.0,  0.0,  0.0,  0.0,  0.0,  0.0,  0.0,  0.0,  0.0,  0.0,  0.0
  0.0,  0.0,  0.0,  0.0,  0.0,  0.0,  0.0,  0.0,  0.0,  0.0,  0.0,  0.0,  0.0,  0.0,  0.0,  0.0,  0.0,  0.0,  0.0,  0.0,  0.0,  0.0,  0.0,  0.0,  0.0,  0.0,  0.0,  0.0,  0.0,  0.0,  0.0,  0.0,  0.0,  0.0,  0.0,  0.0,  0.0,  0.0,  0.0,  0.0,  0.0,  0.0,  0.0,  0.0,  0.0,  0.0,  0.0,  0.0,  0.0,  0.0,  0.0,  0.0,  0.0,  0.0,  0.0,  0.0,  0.0,  0.0,  0.0,  0.0,  0.0,  0.0,  0.0,  0.0,  0.0,  0.0,  1.0,  0.0,  0.0,  0.0,  0.0,  0.0,  0.0,  0.0,  0.0,  0.0,  0.0,  0.0,  0.0,  0.0,  0.0
  0.0,  0.0,  0.0,  0.0,  0.0,  0.0,  0.0,  0.0,  0.0,  0.0,  0.0,  0.0,  0.0,  0.0,  0.0,  0.0,  0.0,  0.0,  0.0,  0.0,  0.0,  0.0,  0.0,  0.0,  0.0,  0.0,  0.0,  0.0,  0.0,  0.0,  0.0,  0.0,  0.0,  0.0,  0.0,  0.0,  0.0,  0.0,  0.0,  0.0,  0.0,  0.0,  0.0,  0.0,  0.0,  0.0,  0.0,  0.0,  0.0,  0.0,  0.0,  0.0,  0.0,  0.0,  0.0,  0.0,  0.0,  0.0,  0.0,  0.0,  0.0,  0.0,  0.0,  0.0,  0.0,  0.0,  0.0,  1.0,  0.0,  0.0,  0.0,  0.0,  0.0,  0.0,  0.0,  0.0,  0.0,  0.0,  0.0,  0.0,  0.0
  0.0,  0.0,  0.0,  0.0,  0.0,  0.0,  0.0,  0.0,  0.0,  0.0,  0.0,  0.0,  0.0,  0.0,  0.0,  0.0,  0.0,  0.0,  0.0,  0.0,  0.0,  0.0,  0.0,  0.0,  0.0,  0.0,  0.0,  0.0,  0.0,  0.0,  0.0,  0.0,  0.0,  0.0,  0.0,  0.0,  0.0,  0.0,  0.0,  0.0,  0.0,  0.0,  0.0,  0.0,  0.0,  0.0,  0.0,  0.0,  0.0,  0.0,  0.0,  0.0,  0.0,  0.0,  0.0,  0.0,  0.0,  0.0,  0.0,  0.0,  0.0,  0.0,  0.0,  0.0,  0.0,  0.0,  0.0,  0.0,  1.0,  0.0,  0.0,  0.0,  0.0,  0.0,  0.0,  0.0,  0.0,  0.0,  0.0,  0.0,  0.0
  0.0,  0.0,  0.0,  0.0,  0.0,  0.0,  0.0,  0.0,  0.0,  0.0,  0.0,  0.0,  0.0,  0.0,  0.0,  0.0,  0.0,  0.0,  0.0,  0.0,  0.0,  0.0,  0.0,  0.0,  0.0,  0.0,  0.0,  0.0,  0.0,  0.0,  0.0,  0.0,  0.0,  0.0,  0.0,  0.0,  0.0,  0.0,  0.0,  0.0,  0.0,  0.0,  0.0,  0.0,  0.0,  0.0,  0.0,  0.0,  0.0,  0.0,  0.0,  0.0,  0.0,  0.0,  0.0,  0.0,  0.0,  0.0,  0.0,  0.0,  0.0,  0.0,  0.0,  0.0,  0.0,  0.0,  0.0,  0.0,  0.0,  1.0,  0.0,  0.0,  0.0,  0.0,  0.0,  0.0,  0.0,  0.0,  0.0,  0.0,  0.0
  0.0,  0.0,  0.0,  0.0,  0.0,  0.0,  0.0,  0.0,  0.0,  0.0,  0.0,  0.0,  0.0,  0.0,  0.0,  0.0,  0.0,  0.0,  0.0,  0.0,  0.0,  0.0,  0.0,  0.0,  0.0,  0.0,  0.0,  0.0,  0.0,  0.0,  0.0,  0.0,  0.0,  0.0,  0.0,  0.0,  0.0,  0.0,  0.0,  0.0,  0.0,  0.0,  0.0,  0.0,  0.0,  0.0,  0.0,  0.0,  0.0,  0.0,  0.0,  0.0,  0.0,  0.0,  0.0,  0.0,  0.0,  0.0,  0.0,  0.0,  0.0,  0.0,  0.0,  0.0,  0.0,  0.0,  0.0,  0.0,  0.0,  0.0,  1.0,  0.0,  0.0,  0.0,  0.0,  0.0,  0.0,  0.0,  0.0,  0.0,  0.0
  0.0,  0.0,  0.0,  0.0,  0.0,  0.0,  0.0,  0.0,  0.0,  0.0,  0.0,  0.0,  0.0,  0.0,  0.0,  0.0,  0.0,  0.0,  0.0,  0.0,  0.0,  0.0,  0.0,  0.0,  0.0,  0.0,  0.0,  0.0,  0.0,  0.0,  0.0,  0.0,  0.0,  0.0,  0.0,  0.0,  0.0,  0.0,  0.0,  0.0,  0.0,  0.0,  0.0,  0.0,  0.0,  0.0,  0.0,  0.0,  0.0,  0.0,  0.0,  0.0,  0.0,  0.0,  0.0,  0.0,  0.0,  0.0,  0.0,  0.0,  0.0,  0.0,  0.0,  0.0,  0.0,  0.0,  0.0,  0.0,  0.0,  0.0,  0.0,  1.0,  0.0,  0.0,  0.0,  0.0,  0.0,  0.0,  0.0,  0.0,  0.0
  0.0,  0.0,  0.0,  0.0,  0.0,  0.0,  0.0,  0.0,  0.0,  0.0,  0.0,  0.0,  0.0,  0.0,  0.0,  0.0,  0.0,  0.0,  0.0,  0.0,  0.0,  0.0,  0.0,  0.0,  0.0,  0.0,  0.0,  0.0,  0.0,  0.0,  0.0,  0.0,  0.0,  0.0,  0.0,  0.0,  0.0,  0.0,  0.0,  0.0,  0.0,  0.0,  0.0,  0.0,  0.0,  0.0,  0.0,  0.0,  0.0,  0.0,  0.0,  0.0,  0.0,  0.0,  0.0,  0.0,  0.0,  0.0,  0.0,  0.0,  0.0,  0.0,  0.0,  0.0,  0.0,  0.0,  0.0,  0.0,  0.0,  0.0,  0.0,  0.0,  1.0,  0.0,  0.0,  0.0,  0.0,  0.0,  0.0,  0.0,  0.0
  0.0,  0.0,  0.0,  0.0,  0.0,  0.0,  0.0,  0.0,  0.0,  0.0,  0.0,  0.0,  0.0,  0.0,  0.0,  0.0,  0.0,  0.0,  0.0,  0.0,  0.0,  0.0,  0.0,  0.0,  0.0,  0.0,  0.0,  0.0,  0.0,  0.0,  0.0,  0.0,  0.0,  0.0,  0.0,  0.0,  0.0,  0.0,  0.0,  0.0,  0.0,  0.0,  0.0,  0.0,  0.0,  0.0,  0.0,  0.0,  0.0,  0.0,  0.0,  0.0,  0.0,  0.0,  0.0,  0.0,  0.0,  0.0,  0.0,  0.0,  0.0,  0.0,  0.0,  0.0,  0.0,  0.0,  0.0,  0.0,  0.0,  0.0,  0.0,  0.0,  0.0,  1.0,  0.0,  0.0,  0.0,  0.0,  0.0,  0.0,  0.0
  0.0,  0.0,  0.0,  0.0,  0.0,  0.0,  0.0,  0.0,  0.0,  0.0,  0.0,  0.0,  0.0,  0.0,  0.0,  0.0,  0.0,  0.0,  0.0,  0.0,  0.0,  0.0,  0.0,  0.0,  0.0,  0.0,  0.0,  0.0,  0.0,  0.0,  0.0,  0.0,  0.0,  0.0,  0.0,  0.0,  0.0,  0.0,  0.0,  0.0,  0.0,  0.0,  0.0,  0.0,  0.0,  0.0,  0.0,  0.0,  0.0,  0.0,  0.0,  0.0,  0.0,  0.0,  0.0,  0.0,  0.0,  0.0,  0.0,  0.0,  0.0,  0.0,  0.0,  0.0,  0.0,  0.0,  0.0,  0.0,  0.0,  0.0,  0.0,  0.0,  0.0,  0.0,  1.0,  0.0,  0.0,  0.0,  0.0,  0.0,  0.0
  0.0,  0.0,  0.0,  0.0,  0.0,  0.0,  0.0,  0.0,  0.0,  0.0,  0.0,  0.0,  0.0,  0.0,  0.0,  0.0,  0.0,  0.0,  0.0,  0.0,  0.0,  0.0,  0.0,  0.0,  0.0,  0.0,  0.0,  0.0,  0.0,  0.0,  0.0,  0.0,  0.0,  0.0,  0.0,  0.0,  0.0,  0.0,  0.0,  0.0,  0.0,  0.0,  0.0,  0.0,  0.0,  0.0,  0.0,  0.0,  0.0,  0.0,  0.0,  0.0,  0.0,  0.0,  0.0,  0.0,  0.0,  0.0,  0.0,  0.0,  0.0,  0.0,  0.0,  0.0,  0.0,  0.0,  0.0,  0.0,  0.0,  0.0,  0.0,  0.0,  0.0,  0.0,  0.0,  1.0,  0.0,  0.0,  0.0,  0.0,  0.0
  0.0,  0.0,  0.0,  0.0,  0.0,  0.0,  0.0,  0.0,  0.0,  0.0,  0.0,  0.0,  0.0,  0.0,  0.0,  0.0,  0.0,  0.0,  0.0,  0.0,  0.0,  0.0,  0.0,  0.0,  0.0,  0.0,  0.0,  0.0,  0.0,  0.0,  0.0,  0.0,  0.0,  0.0,  0.0,  0.0,  0.0,  0.0,  0.0,  0.0,  0.0,  0.0,  0.0,  0.0,  0.0,  0.0,  0.0,  0.0,  0.0,  0.0,  0.0,  0.0,  0.0,  0.0,  0.0,  0.0,  0.0,  0.0,  0.0,  0.0,  0.0,  0.0,  0.0,  0.0,  0.0,  0.0,  0.0,  0.0,  0.0,  0.0,  0.0,  0.0,  0.0,  0.0,  0.0,  0.0,  1.0,  0.0,  0.0,  0.0,  0.0
  0.0,  0.0,  0.0,  0.0,  0.0,  0.0,  0.0,  0.0,  0.0,  0.0,  0.0,  0.0,  0.0,  0.0,  0.0,  0.0,  0.0,  0.0,  0.0,  0.0,  0.0,  0.0,  0.0,  0.0,  0.0,  0.0,  0.0,  0.0,  0.0,  0.0,  0.0,  0.0,  0.0,  0.0,  0.0,  0.0,  0.0,  0.0,  0.0,  0.0,  0.0,  0.0,  0.0,  0.0,  0.0,  0.0,  0.0,  0.0,  0.0,  0.0,  0.0,  0.0,  0.0,  0.0,  0.0,  0.0,  0.0,  0.0,  0.0,  0.0,  0.0,  0.0,  0.0,  0.0,  0.0,  0.0,  0.0,  0.0,  0.0,  0.0,  0.0,  0.0,  0.0,  0.0,  0.0,  0.0,  0.0,  1.0,  0.0,  0.0,  0.0
  0.0,  0.0,  0.0,  0.0,  0.0,  0.0,  0.0,  0.0,  0.0,  0.0,  0.0,  0.0,  0.0,  0.0,  0.0,  0.0,  0.0,  0.0,  0.0,  0.0,  0.0,  0.0,  0.0,  0.0,  0.0,  0.0,  0.0,  0.0,  0.0,  0.0,  0.0,  0.0,  0.0,  0.0,  0.0,  0.0,  0.0,  0.0,  0.0,  0.0,  0.0,  0.0,  0.0,  0.0,  0.0,  0.0,  0.0,  0.0,  0.0,  0.0,  0.0,  0.0,  0.0,  0.0,  0.0,  0.0,  0.0,  0.0,  0.0,  0.0,  0.0,  0.0,  0.0,  0.0,  0.0,  0.0,  0.0,  0.0,  0.0,  0.0,  0.0,  0.0,  0.0,  0.0,  0.0,  0.0,  0.0,  0.0,  1.0,  0.0,  0.0
  0.0,  0.0,  0.0,  0.0,  0.0,  0.0,  0.0,  0.0,  0.0,  0.0,  0.0,  0.0,  0.0,  0.0,  0.0,  0.0,  0.0,  0.0,  0.0,  0.0,  0.0,  0.0,  0.0,  0.0,  0.0,  0.0,  0.0,  0.0,  0.0,  0.0,  0.0,  0.0,  0.0,  0.0,  0.0,  0.0,  0.0,  0.0,  0.0,  0.0,  0.0,  0.0,  0.0,  0.0,  0.0,  0.0,  0.0,  0.0,  0.0,  0.0,  0.0,  0.0,  0.0,  0.0,  0.0,  0.0,  0.0,  0.0,  0.0,  0.0,  0.0,  0.0,  0.0,  0.0,  0.0,  0.0,  0.0,  0.0,  0.0,  0.0,  0.0,  0.0,  0.0,  0.0,  0.0,  0.0,  0.0,  0.0,  0.0,  1.0,  0.0
  0.0,  0.0,  0.0,  0.0,  0.0,  0.0,  0.0,  0.0,  0.0,  0.0,  0.0,  0.0,  0.0,  0.0,  0.0,  0.0,  0.0,  0.0,  0.0,  0.0,  0.0,  0.0,  0.0,  0.0,  0.0,  0.0,  0.0,  0.0,  0.0,  0.0,  0.0,  0.0,  0.0,  0.0,  0.0,  0.0,  0.0,  0.0,  0.0,  0.0,  0.0,  0.0,  0.0,  0.0,  0.0,  0.0,  0.0,  0.0,  0.0,  0.0,  0.0,  0.0,  0.0,  0.0,  0.0,  0.0,  0.0,  0.0,  0.0,  0.0,  0.0,  0.0,  0.0,  0.0,  0.0,  0.0,  0.0,  0.0,  0.0,  0.0,  0.0,  0.0,  0.0,  0.0,  0.0,  0.0,  0.0,  0.0,  0.0,  0.0,  1.0
 -0.0,  0.0, -0.0,  0.0,  0.0, -0.0, -0.0, -0.0,  0.1,  0.0,  0.0,  0.0, -0.0, -0.0,-32.2,  0.0,  0.0,  0.0,  0.0, -0.0,  0.1, -0.0,  0.0,  0.0,  0.0,  0.0, -0.0,  0.0, -0.0, -0.0, -0.0, -0.0,  0.0,  0.0,  0.0,  0.0,  0.0,  0.0,  0.0, -0.0,  0.0,  0.0, -0.0,  0.0, -0.0,  0.0, -0.0,  0.0, -0.0,  0.0,  0.0,  0.0,  0.0,  0.0,  0.0, 61.0, 65.8, -0.9,  7.6,  0.3,  1.0, 43.2,297.9,  2.4,  0.9, -0.0,  0.0,  0.0,  1.0,  5.6, -9.6,  0.3, -0.0, -0.0,  0.0, -0.3, -0.1, 20.7, -1.3, -0.0, -0.1
 -0.2,  0.1,  0.0, -0.0, -0.0, -0.0, -0.0, -0.0,  0.1,  0.0, -0.0,  0.0, -0.0, 32.2, -0.0, -0.0,  0.0,  0.0,  0.0,  0.0,  0.1,  0.0,  0.0, -0.0,  0.0,  0.0, -0.0, -0.0, -0.0, -0.0, -0.0,  0.0,  0.0,  0.0,  0.0,  0.0,  0.0, -0.0, -0.0, -0.0,  0.0,  0.0, -0.0,  0.0, -0.0,  0.3, -0.4,  0.0, -0.0,  0.0,  0.0,  0.0,  0.0,  0.0,  0.0, -2.1, -2.3,104.2, -5.7,  8.1, 24.1,-379.1, 53.1, -2.6,  2.2, -0.0, -0.3,  0.0, -5.6,  1.5,-164.4, -0.6, -0.0,  0.2,  0.4,  0.1, -0.1,  1.6, 26.5,  0.1,  0.0
  0.0, -0.0,  0.0, -0.0, -0.0,  0.0,  0.0,  0.0, -1.8, -0.0, -0.0,  0.0,  0.0,  0.0,  1.0,  0.0,  0.0,  0.0,  0.0,  0.1, -1.0,  0.2, -0.2,  0.0, -0.1, -0.1,  0.0, -0.1,  0.1, -0.0, -0.0,  0.0, -0.3, -0.1,  0.0, -0.0,  0.0, -0.0,  0.0,  0.0,  0.0, -0.1,  0.4, -0.1,  0.0, -0.0,  0.0,  0.0,  0.0,  0.0,  0.0,  0.0,  0.0,  0.0,  0.0,-815.5, -6.7,  2.3,  0.5,  4.4, -3.1, -6.6,-33.1, -2.3, -1.9,  0.0, -0.0, -0.2,  9.7,166.0, -1.9, -2.6,  0.0, -0.3,  0.0,  0.0,  1.7, -1.5,  0.2, -0.0,  0.0
  0.0, -0.0, -0.0, -0.0, -0.0,  0.0,  0.0, -0.0,  0.0,  0.0, -0.0,  0.0,  0.0,  0.0, -0.0, -0.0,  0.0,  0.0,  0.0,  0.0,  0.1,  0.0, -0.0,  0.0,  0.0,  0.0, -0.0, -0.0,  0.0, -0.0, -0.0, -0.0,  0.1,  0.0,  0.0,  0.0,  0.0, -0.0, -0.0, -0.0,  0.0,  0.0, -0.0,  0.1, -0.0, -0.0,  0.0,  0.0, -0.0,  0.0,  0.0,  0.0,  0.0,  0.0,  0.0, -2.6, -5.5,121.4, -4.1,  3.8, -7.4,-247.6, 32.9, -5.7,  0.5, -0.0,  0.0, -0.0,  0.1,  0.7,  0.1, -0.4,  0.0,  0.3,  0.2,  0.1,  0.0,  0.9, 17.4,  0.0,  0.0
  0.0, -0.0,  0.0, -0.0, -0.0,  0.0,  0.0,  0.0, -0.1, -0.0, -0.0,  0.0,  0.0,  0.0, -0.0,  0.0,  0.0,  0.0,  0.0,  0.0, -0.1,  0.0, -0.1, -0.0, -0.0, -0.0,  0.0, -0.0,  0.0, -0.0, -0.0, -0.0, -0.0, -0.0,  0.0, -0.0,  0.0, -0.0,  0.0,  0.0,  0.0, -0.0,  0.0,  0.0, -0.0, -0.0,  0.0,  0.0,  0.0,  0.0,  0.0,  0.0,  0.0,  0.0,  0.0,-38.0,-28.2,  0.4, -1.3,  0.1, -1.0,-10.7,-60.3, -0.3, -1.3,  0.0, -0.0, -0.1, -0.1, -1.0, -0.1, -0.1, -0.0,  0.0,  0.0,  0.1,  0.1, -4.2,  0.4, -0.0,  0.0
  0.1, -0.1, -0.0, -0.0, -0.0,  0.0,  0.0,  0.0, -0.1,  0.0, -0.0,  0.0,  0.0,  0.0, -0.0, -0.0,  0.0,  0.0,  0.0,  0.0,  0.0, -0.0, -0.0,  0.0, -0.0, -0.0, -0.0, -0.0,  0.0,  0.0,  0.0, -0.0,  0.0, -0.0, -0.0,  0.0, -0.0,  0.0,  0.0,  0.0,  0.0,  0.0, -0.0,  0.0, -0.0, -0.3,  0.3,  0.0, -0.0,  0.0,  0.0,  0.0,  0.0,  0.0,  0.0, -1.1, -1.4, 18.2, -0.5,  0.1,-45.0,-25.8,  1.9, -1.0, -0.1,  0.0,  0.1,  0.0,  0.4, -0.1, -2.6, -0.0,  0.0,  0.0,  0.0,  0.0,  0.1, -0.0,  1.8,  0.0,  0.0
 -0.0, -0.0,  0.0, -0.0, -0.0,  0.0, -0.0,  0.0,  3.0, -0.3, -0.0,  0.0,  0.0,  0.0,  0.0,  0.0,  0.0,  0.0,  0.0,  5.8, -4.4,  0.6,  0.0,  0.1, -0.1, -0.2,  0.0, -0.0,  0.0,  0.0,  0.0,  1.6, -0.3,  0.1,  0.0,  0.0, -0.0,  0.0, -0.0,  0.0,  0.0, -1.3,  7.9, -4.6,  2.2, -0.0,  0.0,  0.0,  0.4,  0.0,  0.0,  0.0,  0.0,  0.0,  0.0,-1680.5, 92.6,  5.4,  0.4, 10.3, 12.0,-64.3,-62.7, -3.0,-27.1, -0.2, -0.1,  3.3,-10.9,  2.0,  2.4,-42.2, -0.4, -9.5,  1.0, -0.1, -3.1, -2.0, -0.1, -0.2,  0.1
  0.0, -0.0,  0.0, -0.0,  0.0,  0.0,  0.0,  0.0,  1.2,  0.1, -0.0,  0.0, -0.0,  0.0, -0.0,  0.0,  0.0,  0.0,  0.0,  0.2, -0.1, -0.1,  6.6, -2.2, -0.1,  0.0,  0.1, -0.2,  0.0, -0.0,  0.0,  0.0, -0.0, -0.0,  1.6,  0.0,  0.0,  0.0, -0.0, -0.0,  0.0, -0.1,  0.4,  2.3, -1.1, -0.0,  0.0,  0.0,  4.0,  0.0,  0.0,  0.0,  0.0,  0.0,  0.0,-581.8,-146.2,-1658.3,464.0, -7.1,-136.2, 15.1,-221.9,-62.9,-106.3, -0.1, -0.6, -0.0,-86.2, 41.7, -4.0, -0.9,-41.0,-77.4, -0.4, -9.4, -3.0, -8.2, -0.0, -1.5,  0.1
 -0.0,  0.0,  0.0,  0.0,  0.0, -0.0, -0.0,  0.0, -1.0, -0.0,  0.0,  0.0, -0.0, -0.0,  0.0,  0.0,  0.0,  0.0,  0.0,  2.8, -1.6,  0.2, -0.0,  0.0,  0.0, -1.6,  0.0, -0.0, -0.0,  0.0,  0.0,  7.0, -2.3, -0.1,  0.1,  0.1, -0.2,  0.0, -0.0,  0.0,  0.0, -0.9,  5.7,-13.6,  6.5,  0.1, -0.1,  0.0,  0.9,  0.0,  0.0,  0.0,  0.0,  0.0,  0.0, 49.5,1604.1,-245.0, 12.5,452.9, 14.3,394.4,-17.3,127.7,-58.2,  0.4, -0.2,  1.6,-45.0,-85.7, -3.4,-18.5, 77.2,-43.3,  9.3, -0.5, -0.4, -0.6,-22.4,  0.3, -1.6
 -0.0,  0.0, -0.0,  0.0,  0.0, -0.0, -0.0, -0.0,  0.1,  0.0, -0.0,  0.0,  0.0, -0.0, -0.0,  0.0,  0.0,  0.0,  0.0, -0.3,  0.1, -0.1,  0.1,  0.1, -0.1,  7.2, -0.7,  0.0,  0.1, -0.2, -0.0, -1.6,  0.3, -0.1,  0.1, -0.0,  1.6,  0.2,  0.0, -0.0,  0.0,  0.1, -0.9,  4.7, -2.3,  0.0, -0.0,  0.0, -0.2,  0.0,  0.0,  0.0,  0.0,  0.0,  0.0,-13.5,-629.6,-40.9,4368.3,-3244.3, 11.5,-67.9,-50.6, 20.7,-248.8, -0.0, -0.0, -0.2, 10.2,  0.2,  1.4,  2.0, -0.4,  9.5,-42.0,-154.6, -0.5, -1.5,  0.4, -3.2,  0.0
 -0.0,  0.0, -0.0,  0.0, -0.0, -0.0, -0.0, -0.0,  0.2,  0.0,  0.0,  0.0, -0.0, -0.0,  0.0,  0.0,  0.0,  0.0,  0.0,  0.0, -0.0, -0.0,  1.6, -0.3,  0.1, -0.1,  0.0, -1.6, -0.2, -0.0,  0.0,  0.1,  0.0, -0.0,  7.2, -0.7,  0.0,  0.1, -0.2, -0.0,  0.0, -0.0,  0.1,  0.7, -0.3,  0.0, -0.0,  0.0,  1.5,  0.0,  0.0,  0.0,  0.0,  0.0,  0.0,-134.4, 40.1,-642.4,3241.5,4369.7,-16.2, 65.9,-80.5,258.4, 23.2,  0.0,  0.0,  0.0, -0.1, 10.1, -0.3, -0.2, -9.4, -0.4,154.6,-41.9,  0.2,  0.1, -1.4,  0.2, -3.2
  0.2, -0.1, -0.0, -0.0, -0.0,  0.0,  0.0,  0.0, -0.1,  0.0, -0.0,  0.0,  0.0,  0.0,  0.0, -0.0,  0.0,  0.0,  0.0,  0.0, -0.0,  0.0,  0.1, -0.0, -0.0, -0.0, -0.0, -0.0,  0.0, -0.0,  0.0,  0.1, -0.0, -0.0,  0.0,  0.0,  0.0,  0.0,  0.0,  0.0,  0.0, -0.1,  0.4, -0.2,  0.1, -0.3,  0.4,  0.0,  0.1,  0.0,  0.0,  0.0,  0.0,  0.0,  0.0,-11.2, 33.4,-17.1, 20.3, -1.3,-173.8,-10.0, -4.3,  0.9, -2.0,  0.0,  0.1,  0.0, -0.5, -0.5, -2.8, -3.9,  0.4, -0.7,  0.2, -0.4, -0.3, -0.2,  0.5, -0.0, -0.0
  0.0, -0.0,  0.0,  0.0,  0.0, -0.0,  0.0,  0.0,  0.0, -0.0,  0.0,  0.0,  0.0, -0.0,  0.0,  0.0,  0.0,  0.0,  0.0,  0.2, -0.2,  0.0,  0.0, -0.1,  0.0,  0.1, -0.0, -0.0, -0.0, -0.0, -0.0,  0.1, -0.0, -0.0,  0.2, -0.0,  0.1,  0.0,  0.1,  0.0,  0.0, -0.0,  0.2,  0.0, -0.0, -0.0,  0.0,  0.0,  0.2,  0.0,  0.0,  0.0,  0.0,  0.0,  0.0, 13.9, -7.1,-209.4, 86.1,-15.9, -8.0,1258.6,-163.9,  3.7, -8.7, -0.0, -0.0,  0.1, -0.8, -0.4, -0.2,  1.0, -3.7, -0.4,  0.3, -1.1, -0.2, -4.2,-87.6, -0.1, -0.1
 -0.0,  0.0, -0.0,  0.0,  0.0, -0.0, -0.0, -0.0,  0.1, -0.0,  0.0,  0.0,  0.0, -0.0, -0.0, -0.0,  0.0,  0.0,  0.0,  0.2, -0.1,  0.0,  0.1,  0.0, -0.0, -0.1,  0.0,  0.0, -0.1, -0.0, -0.0,  0.0, -0.0,  0.0,  0.1, -0.0, -0.0, -0.0, -0.0, -0.0,  0.0, -0.1,  0.3, -0.7,  0.3,  0.0, -0.0,  0.0,  0.1,  0.0,  0.0,  0.0,  0.0,  0.0,  0.0,-59.9,149.5,-20.0, 12.2, 44.8,  0.2,149.0,1164.7,  7.8, -1.2,  0.0, -0.0,  0.2, -0.3,  0.8,  0.0, -1.4, -0.5, -4.0,  0.5,  0.3, -0.1, 81.0, -3.9,  0.0, -0.1
  0.0, -0.0, -0.0,  0.0, -0.0,  0.0,  0.0, -0.0,  0.0,  0.0, -0.0,  0.0,  0.0,  0.0,  0.0,  0.0,  0.0,  0.0,  0.0, -0.0, -0.0,  0.0,  0.1, -0.0, -0.0,  0.0, -0.0,  0.1, -0.0, -0.0, -0.0, -0.1,  0.0, -0.0,  0.0, -0.0,  0.2,  0.0,  0.0,  0.0,  0.0,  0.0, -0.0,  0.3, -0.1, -0.0,  0.0,  0.0,  0.0,  0.0,  0.0,  0.0,  0.0,  0.0,  0.0,-19.9,-12.5, 50.1, -5.9,-292.4, -0.8, -9.4, -2.9,5176.5,-702.1, -0.0, -0.0, -0.0,  0.7,  1.7,  0.1,  0.3,  0.4,  0.4, -3.8, -0.0, -0.0, -0.1,  0.3, -9.1,-154.6
  0.0, -0.0,  0.0, -0.0, -0.0,  0.0,  0.0,  0.0,  0.0, -0.0,  0.0,  0.0, -0.0,  0.0,  0.0,  0.0,  0.0,  0.0,  0.0,  0.1, -0.0, -0.1,  0.2, -0.0, -0.0,  0.0, -0.0, -0.1, -0.0, -0.0, -0.0,  0.1, -0.1, -0.0,  0.0, -0.0,  0.1, -0.0, -0.0, -0.0,  0.0, -0.0,  0.1, -0.1,  0.1, -0.0,  0.0,  0.0,  0.1,  0.0,  0.0,  0.0,  0.0,  0.0,  0.0,-26.2,-53.6,-29.2,288.9,-25.0, -1.7,  2.3, -8.6,701.9,5175.3, -0.0, -0.0,  0.1, -1.8,  1.4, -0.1, -0.8, -1.0,  0.3, -0.2, -3.9, -0.0, -0.1, -0.1,154.6, -9.1
