  0.0000000000000000e+00   0.0000000000000000e+00   0.0000000000000000e+00
  0.0000000000000000e+00   0.0000000000000000e+00   0.0000000000000000e+00
  0.0000000000000000e+00   0.0000000000000000e+00   0.0000000000000000e+00
  0.0000000000000000e+00   0.0000000000000000e+00   0.0000000000000000e+00
  0.0000000000000000e+00   0.0000000000000000e+00   0.0000000000000000e+00
  0.0000000000000000e+00   0.0000000000000000e+00   0.0000000000000000e+00
  0.0000000000000000e+00  -3.9304531360000022e-01   3.8922951283153440e-01
  3.3842965390005732e-02  -5.9889543710346116e+00   3.1724938154751632e+00
  6.9943297910083080e-02   9.3276508304826211e-01  -3.3688511283617058e-02
  1.0237250384464507e+00   1.6716983614394565e-01  -1.0000905923832281e+01
 -1.9854828608823780e+00  -1.4720493709069453e+00   7.7386771975152069e-01
 -5.8556417951388051e-02  -2.9300087903762049e+00  -3.7210023250262914e-01
  3.2808488056930147e+00   1.1154669275978391e+00   2.1399245312011388e+00
 -1.6136650838775099e-01   1.5150722231901380e-02   0.0000000000000000e+00
  0.0000000000000000e+00   0.0000000000000000e+00   0.0000000000000000e+00
  0.0000000000000000e+00   0.0000000000000000e+00   0.0000000000000000e+00
  0.0000000000000000e+00   0.0000000000000000e+00   0.0000000000000000e+00
  0.0000000000000000e+00   0.0000000000000000e+00   0.0000000000000000e+00
  0.0000000000000000e+00   0.0000000000000000e+00   0.0000000000000000e+00
  0.0000000000000000e+00   0.0000000000000000e+00   0.0000000000000000e+00
  0.0000000000000000e+00   0.0000000000000000e+00   0.0000000000000000e+00
  0.0000000000000000e+00   0.0000000000000000e+00  -9.3604081270036513e-03
 -8.2096729715701866e-03   1.0197351786076281e-02  -1.0405811638723950e-02
  5.7395327419350051e-03  -1.3571363152803488e-03   4.1912590414476258e-01
  3.9588771672484930e+00   9.5986259856031009e-01  -4.8118399031996595e-01
  1.5346400770847943e+00   7.5416601638587377e-02   2.2328208031182861e-01
  6.7164115798712315e-02   2.5744575045236889e-02   7.7847288667737768e-02
  0.0000000000000000e+00   0.0000000000000000e+00   0.0000000000000000e+00
  0.0000000000000000e+00   0.0000000000000000e+00   0.0000000000000000e+00
  0.0000000000000000e+00   0.0000000000000000e+00   0.0000000000000000e+00
  0.0000000000000000e+00   0.0000000000000000e+00   0.0000000000000000e+00
  0.0000000000000000e+00   0.0000000000000000e+00   0.0000000000000000e+00
  0.0000000000000000e+00   0.0000000000000000e+00   0.0000000000000000e+00
  0.0000000000000000e+00  -2.0253541400350636e+00   2.0930726195538574e+00
 -5.4693923750145945e-01   1.6888045561114287e+00  -1.1165308306792625e+00
 -1.4633516901452018e-01   4.2513591669933044e+00   4.9892211247405943e-01
  4.7510207762853502e+00   1.6559072999784077e+00   2.4408638644397640e+00
 -1.0784250254783204e+01  -9.7858252597785818e+00   4.6607322884603457e+00
 -7.2265046873502314e-01   1.4149244022500604e-02  -2.5842407265690265e-01
  8.1844754505623799e-02   2.0868220365820822e-01   1.6088985188457951e+01
 -1.7024279978933751e-01  -6.4497407289772013e-03   0.0000000000000000e+00
  0.0000000000000000e+00   0.0000000000000000e+00   0.0000000000000000e+00
  0.0000000000000000e+00   0.0000000000000000e+00   0.0000000000000000e+00
  0.0000000000000000e+00   0.0000000000000000e+00   0.0000000000000000e+00
  0.0000000000000000e+00   0.0000000000000000e+00   0.0000000000000000e+00
  0.0000000000000000e+00   0.0000000000000000e+00   0.0000000000000000e+00
  0.0000000000000000e+00   0.0000000000000000e+00   0.0000000000000000e+00
  0.0000000000000000e+00   0.0000000000000000e+00   0.0000000000000000e+00
  0.0000000000000000e+00   0.0000000000000000e+00  -1.3357291726449529e-03
 -1.8947951052633701e-02   3.8399446092643896e-02  -3.0030010629541692e-02
 -1.1471440233932345e-03  -5.3569587752849701e-03   2.1753187940825987e+00
 -1.0875158159427047e+00   6.4805124714232454e+00  -2.2199631315787887e+00
  3.1994925462587469e-02   9.9123641906907714e-02  -2.5707025101395303e-02
  3.4247080211011366e-01  -1.6066192357007875e-01   8.5047754780118293e-02
  0.0000000000000000e+00   0.0000000000000000e+00   0.0000000000000000e+00
  0.0000000000000000e+00   0.0000000000000000e+00   0.0000000000000000e+00
  0.0000000000000000e+00   0.0000000000000000e+00   0.0000000000000000e+00
  0.0000000000000000e+00   0.0000000000000000e+00   0.0000000000000000e+00
  0.0000000000000000e+00   0.0000000000000000e+00   0.0000000000000000e+00
  0.0000000000000000e+00   0.0000000000000000e+00   0.0000000000000000e+00
  0.0000000000000000e+00  -6.8721268632504158e+00   1.0183753287826500e+01
 -2.1899790271680950e+00  -5.2752083808714856e-01  -2.2717182483761689e-01
  3.8538762805606813e-01   1.7183754223057672e+00   2.5469609823886213e-01
  1.8625673709750807e+00   5.3514272792561235e-01  -8.9315879494848349e-01
 -4.2024894247308566e+01  -8.7110072631516680e+00   1.9607251525026921e+00
 -1.6240101244328968e+00  -3.3896401030774964e-01  -6.2368054398793484e-02
  4.0075910875379156e-01   1.2915159561301134e-01   1.3156790869067470e+01
 -1.2325765643015070e+00  -9.5921917813764529e-05   0.0000000000000000e+00
  0.0000000000000000e+00   0.0000000000000000e+00   0.0000000000000000e+00
  0.0000000000000000e+00   0.0000000000000000e+00   0.0000000000000000e+00
  0.0000000000000000e+00   0.0000000000000000e+00   0.0000000000000000e+00
  0.0000000000000000e+00   0.0000000000000000e+00   0.0000000000000000e+00
  0.0000000000000000e+00   0.0000000000000000e+00   0.0000000000000000e+00
  0.0000000000000000e+00   0.0000000000000000e+00   0.0000000000000000e+00
  0.0000000000000000e+00   0.0000000000000000e+00   0.0000000000000000e+00
  0.0000000000000000e+00   0.0000000000000000e+00  -4.6738835569773540e-02
 -1.3834604136612694e-02   3.8691895648312924e-01  -1.4756731762662900e-02
  2.0552290002853357e-02  -1.7393128293861915e-03   7.9051612293704068e+00
  3.7866471286662645e-01   5.7048282842824900e+00  -9.1138601557092891e-01
  1.7896731631946619e-01   4.2574511935761322e-01   2.2990974974353093e-01
  2.9832771151378290e-01  -4.6087185313373927e-02   7.0468973247834216e-02
 -3.8632720853363048e+02   7.5853656152455414e+02   1.5115663694492246e-01
 -7.8046048810077553e-02  -3.8042483046805969e-01   2.3898003080719307e-01
  0.0000000000000000e+00   0.0000000000000000e+00   0.0000000000000000e+00
  0.0000000000000000e+00   0.0000000000000000e+00   0.0000000000000000e+00
  0.0000000000000000e+00   0.0000000000000000e+00   0.0000000000000000e+00
  0.0000000000000000e+00   0.0000000000000000e+00   0.0000000000000000e+00
  0.0000000000000000e+00   0.0000000000000000e+00   0.0000000000000000e+00
  0.0000000000000000e+00   0.0000000000000000e+00   0.0000000000000000e+00
  0.0000000000000000e+00   0.0000000000000000e+00   0.0000000000000000e+00
  0.0000000000000000e+00   0.0000000000000000e+00   0.0000000000000000e+00
  0.0000000000000000e+00   0.0000000000000000e+00   0.0000000000000000e+00
  0.0000000000000000e+00   0.0000000000000000e+00   0.0000000000000000e+00
  0.0000000000000000e+00   0.0000000000000000e+00   0.0000000000000000e+00
  0.0000000000000000e+00   0.0000000000000000e+00   0.0000000000000000e+00
  0.0000000000000000e+00   0.0000000000000000e+00   0.0000000000000000e+00
  0.0000000000000000e+00   0.0000000000000000e+00   0.0000000000000000e+00
  0.0000000000000000e+00   0.0000000000000000e+00   0.0000000000000000e+00
  0.0000000000000000e+00   0.0000000000000000e+00   0.0000000000000000e+00
  0.0000000000000000e+00   0.0000000000000000e+00   0.0000000000000000e+00
  0.0000000000000000e+00   0.0000000000000000e+00   0.0000000000000000e+00
  0.0000000000000000e+00   0.0000000000000000e+00   0.0000000000000000e+00
  0.0000000000000000e+00   0.0000000000000000e+00  -2.8549635151758988e-03
 -4.3145552266235199e-01   3.4357760860886785e-03   3.0551607861114827e-02
  5.6552455431454979e-03   3.3532165774532185e-01   1.1017231511664738e-04
  5.0197487966180563e-03  -6.3055659135382039e-02  -5.1888467735322006e-05
 -3.8106339901826548e-04   3.5883746517522325e-01   2.9564276360487404e-02
 -3.3628819204755672e-03   7.8174975317390019e-04   1.2677843174945728e-04