0.0000000000000000e+00   0.0000000000000000e+00   0.0000000000000000e+00
  0.0000000000000000e+00   0.0000000000000000e+00   0.0000000000000000e+00
  0.0000000000000000e+00   0.0000000000000000e+00   0.0000000000000000e+00
  0.0000000000000000e+00   0.0000000000000000e+00   0.0000000000000000e+00
  0.0000000000000000e+00   0.0000000000000000e+00   0.0000000000000000e+00
  0.0000000000000000e+00   0.0000000000000000e+00   0.0000000000000000e+00
  0.0000000000000000e+00  -2.0280340339471579e+00   2.0880117166118786e+00
 -5.5493567163726720e-01   1.7244961927986675e+00  -1.1869322163308882e+00
 -1.2738043722253650e-01   4.3174257146965758e+00   4.7422097537560515e-01
 -8.3445483182451208e-02   3.9590664093602630e-02  -9.9560666672822040e-02
  2.4172551485907245e-03  -9.7736045141349877e+00   4.6245853179904879e+00
 -7.1737284152758318e-01   6.6707652628558056e-01  -1.3797072273462554e-01
  7.6069518204175257e-01   2.5966325437238802e-01   2.0636545141817658e-02
 -2.3187247754211587e-02  -6.4462030845498864e-03   0.0000000000000000e+00
  0.0000000000000000e+00   0.0000000000000000e+00   0.0000000000000000e+00
  0.0000000000000000e+00   0.0000000000000000e+00   0.0000000000000000e+00
  0.0000000000000000e+00   0.0000000000000000e+00   0.0000000000000000e+00
  0.0000000000000000e+00   0.0000000000000000e+00   0.0000000000000000e+00
  0.0000000000000000e+00   0.0000000000000000e+00   0.0000000000000000e+00
  0.0000000000000000e+00   0.0000000000000000e+00   0.0000000000000000e+00
  0.0000000000000000e+00   0.0000000000000000e+00   0.0000000000000000e+00
  0.0000000000000000e+00   0.0000000000000000e+00  -1.4116218466279874e-03
 -1.9528153931651887e-02   3.7686475830182919e-02  -3.0280820301717082e-02
 -1.1550824791477232e-03  -5.3395897736304709e-03   2.1767261995096261e+00
 -1.1126270151625295e+00   6.4726199911086839e+00  -2.2562714046900081e+00
 -3.2588937019670561e-01   1.0627862081085332e-01  -9.3712422319533889e-03
  3.3195267715675225e-01  -1.2642185796406394e-01   6.6343140882840310e-02
  0.0000000000000000e+00   0.0000000000000000e+00   0.0000000000000000e+00
  0.0000000000000000e+00   0.0000000000000000e+00   0.0000000000000000e+00
  0.0000000000000000e+00   0.0000000000000000e+00   0.0000000000000000e+00
  0.0000000000000000e+00   0.0000000000000000e+00   0.0000000000000000e+00
  0.0000000000000000e+00   0.0000000000000000e+00   0.0000000000000000e+00
  0.0000000000000000e+00   0.0000000000000000e+00   0.0000000000000000e+00
  0.0000000000000000e+00  -3.9566167275809910e-01   3.6418537116590927e-01
  3.3218493405532692e-02  -5.9829485017762885e+00   3.1768771673766065e+00
  5.2603206625557231e-02   4.9758691853102899e-01  -1.6063128641930849e-01
  5.0462131451688352e-01   1.9734200073903527e-01  -2.6920341626093221e-03
 -1.3220476249012703e-02  -1.4426040340395494e+00   7.2121644650179673e-01
 -4.9346268473858514e-02  -2.8807766411225915e+00  -4.1154473722536283e-01
  6.1294829285605548e-02  -4.6941604444947986e-02   6.3062430305306394e-02
  2.4348383973722019e-03   1.5152484765557441e-02   0.0000000000000000e+00
  0.0000000000000000e+00   0.0000000000000000e+00   0.0000000000000000e+00
  0.0000000000000000e+00   0.0000000000000000e+00   0.0000000000000000e+00
  0.0000000000000000e+00   0.0000000000000000e+00   0.0000000000000000e+00
  0.0000000000000000e+00   0.0000000000000000e+00   0.0000000000000000e+00
  0.0000000000000000e+00   0.0000000000000000e+00   0.0000000000000000e+00
  0.0000000000000000e+00   0.0000000000000000e+00   0.0000000000000000e+00
  0.0000000000000000e+00   0.0000000000000000e+00   0.0000000000000000e+00
  0.0000000000000000e+00   0.0000000000000000e+00  -8.7086645521484290e-03
 -7.7272747187296653e-03   8.0603464127333435e-03  -9.9581013086533776e-03
  5.5269881831881418e-03  -1.3007463646596690e-03   4.1733077024872001e-01
  3.9540586832690190e+00   9.4009267993229217e-01  -2.3979044712865935e-01
  1.5099820494828680e+00   7.8518453341741234e-02   2.2943605761243585e-01
  7.8356329313731501e-02   4.0881680368929169e-02   1.1298380685035937e-01
  0.0000000000000000e+00   0.0000000000000000e+00   0.0000000000000000e+00
  0.0000000000000000e+00   0.0000000000000000e+00   0.0000000000000000e+00
  0.0000000000000000e+00   0.0000000000000000e+00   0.0000000000000000e+00
  0.0000000000000000e+00   0.0000000000000000e+00   0.0000000000000000e+00
  0.0000000000000000e+00   0.0000000000000000e+00   0.0000000000000000e+00
  0.0000000000000000e+00   0.0000000000000000e+00   0.0000000000000000e+00
  0.0000000000000000e+00  -6.8675033436777433e+00   1.0155515594801949e+01
 -2.2051498507554315e+00  -5.2082007383632645e-01  -3.3106303288349442e-01
  3.0733682649544358e-01   1.6731111870391249e+00   3.5345818201959578e-01
  5.8683249434032830e-02  -8.5383165249812543e-02  -4.3614824461092820e-02
 -3.0629748922332348e-02  -8.7136657252706353e+00   1.9291379949140279e+00
 -1.6545258382536712e+00  -1.9842455001314990e-01  -2.2889028947952531e-01
  1.9873162713732218e-01  -1.3023076436014533e-01   1.0916240762053525e-02
 -1.1789100687640910e-02  -9.4694112038465919e-05   0.0000000000000000e+00
  0.0000000000000000e+00   0.0000000000000000e+00   0.0000000000000000e+00
  0.0000000000000000e+00   0.0000000000000000e+00   0.0000000000000000e+00
  0.0000000000000000e+00   0.0000000000000000e+00   0.0000000000000000e+00
  0.0000000000000000e+00   0.0000000000000000e+00   0.0000000000000000e+00
  0.0000000000000000e+00   0.0000000000000000e+00   0.0000000000000000e+00
  0.0000000000000000e+00   0.0000000000000000e+00   0.0000000000000000e+00
  0.0000000000000000e+00   0.0000000000000000e+00   0.0000000000000000e+00
  0.0000000000000000e+00   0.0000000000000000e+00  -4.5433925822927879e-02
 -1.3011677800740584e-02   3.8445107734223249e-01  -1.3997108719335571e-02
  2.0087682840529808e-02  -1.6693355134739241e-03   7.8953345554979313e+00
  3.7172508145676525e-01   5.7060222724099985e+00  -8.9411918466969464e-01
  1.1377258598553533e-01   4.2503219574045614e-01   2.3750506722079867e-01
  3.1873587964169842e-01  -2.8735955606356958e-02   1.1585265466681384e-01
 -3.8630169779675725e+02   7.5844439283390125e+02   2.7992370472059463e-01
  9.3303512842897132e-02   1.0130641716681136e-02   1.2451820353828134e-02
  0.0000000000000000e+00   0.0000000000000000e+00   0.0000000000000000e+00
  0.0000000000000000e+00   0.0000000000000000e+00   0.0000000000000000e+00
  0.0000000000000000e+00   0.0000000000000000e+00   0.0000000000000000e+00
  0.0000000000000000e+00   0.0000000000000000e+00   0.0000000000000000e+00
  0.0000000000000000e+00   0.0000000000000000e+00   0.0000000000000000e+00
  0.0000000000000000e+00   0.0000000000000000e+00   0.0000000000000000e+00
  0.0000000000000000e+00   0.0000000000000000e+00   0.0000000000000000e+00
  0.0000000000000000e+00   0.0000000000000000e+00   0.0000000000000000e+00
  0.0000000000000000e+00   0.0000000000000000e+00   0.0000000000000000e+00
  0.0000000000000000e+00   0.0000000000000000e+00   0.0000000000000000e+00
  0.0000000000000000e+00   0.0000000000000000e+00   0.0000000000000000e+00
  0.0000000000000000e+00   0.0000000000000000e+00   0.0000000000000000e+00
  0.0000000000000000e+00   0.0000000000000000e+00   0.0000000000000000e+00
  0.0000000000000000e+00   0.0000000000000000e+00   0.0000000000000000e+00
  0.0000000000000000e+00   0.0000000000000000e+00   0.0000000000000000e+00
  0.0000000000000000e+00   0.0000000000000000e+00   0.0000000000000000e+00
  0.0000000000000000e+00   0.0000000000000000e+00   0.0000000000000000e+00
  0.0000000000000000e+00   0.0000000000000000e+00   0.0000000000000000e+00
  0.0000000000000000e+00   0.0000000000000000e+00   0.0000000000000000e+00
  0.0000000000000000e+00   0.0000000000000000e+00  -2.9527782009851509e-03
 -4.3142357795418285e-01   3.4775193914209214e-03   3.0568046477319935e-02
  5.6910808354077988e-03   3.3530549643578622e-01   1.2394995802199083e-04
  5.0820186803937958e-03  -6.3074230562057701e-02  -2.2870108168584309e-05
 -4.1407635183090733e-04   3.5881601707995753e-01   2.9547897414250596e-02
 -3.4033147464358295e-03   7.2765465138161368e-04   6.1504927234691805e-05