   0.0000000e+00   0.0000000e+00   0.0000000e+00  -3.8698947e+02
   0.0000000e+00   0.0000000e+00   0.0000000e+00   7.5891452e+02
   0.0000000e+00   0.0000000e+00   0.0000000e+00   2.1628811e+00
   0.0000000e+00   0.0000000e+00   0.0000000e+00  -1.4438665e+00
   0.0000000e+00   0.0000000e+00   0.0000000e+00   1.1440184e-02
   0.0000000e+00   0.0000000e+00   0.0000000e+00  -1.5697145e-02
   0.0000000e+00   0.0000000e+00   0.0000000e+00   0.0000000e+00
   0.0000000e+00   0.0000000e+00   0.0000000e+00   0.0000000e+00
   0.0000000e+00   0.0000000e+00   0.0000000e+00   0.0000000e+00
   0.0000000e+00   0.0000000e+00   0.0000000e+00   0.0000000e+00
   0.0000000e+00   0.0000000e+00   0.0000000e+00   0.0000000e+00
   0.0000000e+00   0.0000000e+00   0.0000000e+00   0.0000000e+00
   0.0000000e+00   0.0000000e+00   0.0000000e+00   0.0000000e+00
   0.0000000e+00   0.0000000e+00   0.0000000e+00   0.0000000e+00
   0.0000000e+00   0.0000000e+00   0.0000000e+00   0.0000000e+00
   0.0000000e+00   0.0000000e+00   0.0000000e+00   0.0000000e+00
   0.0000000e+00   0.0000000e+00   0.0000000e+00   0.0000000e+00
   0.0000000e+00   0.0000000e+00   0.0000000e+00   0.0000000e+00
   0.0000000e+00   0.0000000e+00   0.0000000e+00   0.0000000e+00
  -3.3590779e+00   4.5620202e-01  -7.5427630e+00   0.0000000e+00
   3.6362111e+00  -3.8450924e-01   1.0421331e+01   0.0000000e+00
  -9.4828771e-01  -1.0296794e-01  -2.2655687e+00   0.0000000e+00
   1.3657189e+00   6.1111311e+00  -3.6763529e-01   0.0000000e+00
  -1.0697874e+00  -3.2389759e+00  -7.5121685e-01   0.0000000e+00
   1.8082998e-02  -2.1714267e-03   5.1457032e-01   0.0000000e+00
   7.0439834e+00  -7.4190065e-01   3.7168115e+00   0.0000000e+00
   8.0207313e-01   3.0010793e-01   1.6558659e+00   0.0000000e+00
  -2.7771312e-01  -1.1628170e+00   1.3615929e-01   0.0000000e+00
   1.3335185e-01  -6.8158697e-01  -2.5732062e-01   0.0000000e+00
  -3.2030021e-02   3.7077612e-02   2.3895438e-01   0.0000000e+00
   1.5060979e-01  -6.7118357e-03  -3.3294103e-01   0.0000000e+00
  -1.1888809e+01   1.3829591e+00  -1.3597273e+01   0.0000000e+00
   4.5169011e+00  -4.9987087e-01   3.5023511e+00   0.0000000e+00
  -8.7906647e-01  -4.3991385e-02  -2.1832947e+00   0.0000000e+00
   1.0521027e+00   4.5805762e+00  -3.9276910e-01   0.0000000e+00
  -3.3320779e-01   3.7533357e-01  -4.8686765e-01   0.0000000e+00
   1.6591767e+00  -1.1374920e-02   6.7860694e-03   0.0000000e+00
   1.1773934e+00   3.5504571e-02   2.3340632e-01   0.0000000e+00
   1.9588419e-01   1.0203295e-02  -3.1122964e-01   0.0000000e+00
   2.6207894e-01   6.0674655e-02  -1.0494442e-01   0.0000000e+00
  -5.1191215e-03  -1.5171382e-02  -5.7959996e-04   0.0000000e+00
   0.0000000e+00   0.0000000e+00   0.0000000e+00   0.0000000e+00
   0.0000000e+00   0.0000000e+00   0.0000000e+00   0.0000000e+00
   0.0000000e+00   0.0000000e+00   0.0000000e+00   0.0000000e+00
   0.0000000e+00   0.0000000e+00   0.0000000e+00   0.0000000e+00
   0.0000000e+00   0.0000000e+00   0.0000000e+00   0.0000000e+00
   0.0000000e+00   0.0000000e+00   0.0000000e+00   0.0000000e+00
   0.0000000e+00   0.0000000e+00   0.0000000e+00   0.0000000e+00
   0.0000000e+00   0.0000000e+00   0.0000000e+00   0.0000000e+00
   0.0000000e+00   0.0000000e+00   0.0000000e+00   0.0000000e+00
   0.0000000e+00   0.0000000e+00   0.0000000e+00   0.0000000e+00
   0.0000000e+00   0.0000000e+00   0.0000000e+00   0.0000000e+00
   0.0000000e+00   0.0000000e+00   0.0000000e+00   0.0000000e+00
   0.0000000e+00   0.0000000e+00   0.0000000e+00   0.0000000e+00
   0.0000000e+00   0.0000000e+00   0.0000000e+00   0.0000000e+00
   0.0000000e+00   0.0000000e+00   0.0000000e+00   0.0000000e+00
   0.0000000e+00   0.0000000e+00   0.0000000e+00   0.0000000e+00
  -7.6657187e-03   9.0631966e-03  -7.0633457e-02  -3.5135997e-03
  -2.4480562e-02   1.2506088e-02  -2.0626210e-02  -2.2169023e-02
   7.0202438e-02   1.3398105e-03   3.0132850e-01  -4.7721518e-03
  -2.7886664e-02   1.1411052e-02  -2.1373260e-02   7.8294235e-03
  -2.2445540e-03  -5.4937363e-03   8.1020639e-03   6.9875576e-03
  -6.0843225e-03   1.8309143e-03  -3.4423153e-03   3.2180433e-01
   3.6546655e+00  -4.8061201e-01   8.5512165e+00   3.6278932e-04
  -1.2055126e+00  -4.0039708e+00  -9.9709189e-02   8.9113884e-03
   7.8101134e+00  -1.0806258e+00   8.9562713e+00  -3.8400983e-02
  -3.6333152e+00   5.5314688e-01  -2.0214454e+00  -1.1529900e-04
  -8.0260226e-01  -2.3561625e+00   8.3217541e-02   7.6011439e-05
  -8.3009926e-02  -7.3298132e-02   4.2210731e-01   3.4410159e-01
   1.4431368e-02  -3.1905201e-01   3.1416587e-01   1.1100872e-03
   2.1209307e-01  -9.2072406e-02  -1.4002045e-01  -3.4865454e-03
   9.7742070e-02  -7.7218062e-02   2.8269536e-01  -1.0449281e-03
   1.4841338e-01  -2.4233134e-02   2.4003932e-01  -1.2095601e-04